t;ref;u_ml;omega_ml;u_mr;omega_mr
0.0000;0.0000;0.0000;0.0000;0.0000;0.0000
0.0100;0.0000;0.0000;0.0000;0.0000;0.0000
0.0200;0.0000;0.0000;0.0000;0.0000;0.0000
0.0300;0.0000;0.0000;0.0000;0.0000;0.0000
0.0400;0.0000;0.0000;0.0000;0.0000;0.0000
0.0500;0.0000;0.0000;0.0000;0.0000;0.0000
0.0600;0.0000;0.0000;0.0000;0.0000;0.0000
0.0700;0.0000;0.0000;0.0000;0.0000;0.0000
0.0800;0.0000;0.0000;0.0000;0.0000;0.0000
0.0900;0.0000;0.0000;0.0000;0.0000;0.0000
0.1000;0.0000;0.0000;0.0000;0.0000;0.0000
0.1101;0.0000;0.0000;0.0000;0.0000;0.0000
0.1201;0.0000;0.0000;0.0000;0.0000;0.0000
0.1301;0.0000;0.0000;0.0000;0.0000;0.0000
0.1401;0.0000;0.0000;0.0000;0.0000;0.0000
0.1501;0.0000;0.0000;0.0000;0.0000;0.0000
0.1601;0.0000;0.0000;0.0000;0.0000;0.0000
0.1701;0.0000;0.0000;0.0000;0.0000;0.0000
0.1801;0.0000;0.0000;0.0000;0.0000;0.0000
0.1901;0.0000;0.0000;0.0000;0.0000;0.0000
0.2001;0.0000;0.0000;0.0000;0.0000;0.0000
0.2101;0.0000;0.0000;0.0000;0.0000;0.0000
0.2201;0.0000;0.0000;0.0000;0.0000;0.0000
0.2301;0.0000;0.0000;0.0000;0.0000;0.0000
0.2401;0.0000;0.0000;0.0000;0.0000;0.0000
0.2501;0.0000;0.0000;0.0000;0.0000;0.0000
0.2601;0.0000;0.0000;0.0000;0.0000;0.0000
0.2701;0.0000;0.0000;0.0000;0.0000;0.0000
0.2801;0.0000;0.0000;0.0000;0.0000;0.0000
0.2901;0.0000;0.0000;0.0000;0.0000;0.0000
0.3001;0.0000;0.0000;0.0000;0.0000;0.0000
0.3101;0.0000;0.0000;0.0000;0.0000;0.0000
0.3201;0.0000;0.0000;0.0000;0.0000;0.0000
0.3302;0.0000;0.0000;0.0000;0.0000;0.0000
0.3402;0.0000;0.0000;0.0000;0.0000;0.0000
0.3502;0.0000;0.0000;0.0000;0.0000;0.0000
0.3602;0.0000;0.0000;0.0000;0.0000;0.0000
0.3702;0.0000;0.0000;0.0000;0.0000;0.0000
0.3802;0.0000;0.0000;0.0000;0.0000;0.0000
0.3902;0.0000;0.0000;0.0000;0.0000;0.0000
0.4002;0.0000;0.0000;0.0000;0.0000;0.0000
0.4102;0.0000;0.0000;0.0000;0.0000;0.0000
0.4202;0.0000;0.0000;0.0000;0.0000;0.0000
0.4302;0.0000;0.0000;0.0000;0.0000;0.0000
0.4402;0.0000;0.0000;0.0000;0.0000;0.0000
0.4502;0.0000;0.0000;0.0000;0.0000;0.0000
0.4602;0.0000;0.0000;0.0000;0.0000;0.0000
0.4702;0.0000;0.0000;0.0000;0.0000;0.0000
0.4802;0.0000;0.0000;0.0000;0.0000;0.0000
0.4902;0.0000;0.0000;0.0000;0.0000;0.0000
0.5002;0.0000;0.0000;0.0000;0.0000;0.0000
0.5102;0.0000;0.0000;0.0000;0.0000;0.0000
0.5202;0.0000;0.0000;0.0000;0.0000;0.0000
0.5303;0.0000;0.0000;0.0000;0.0000;0.0000
0.5403;0.0000;0.0000;0.0000;0.0000;0.0000
0.5503;0.0000;0.0000;0.0000;0.0000;0.0000
0.5603;0.0000;0.0000;0.0000;0.0000;0.0000
0.5703;0.0000;0.0000;0.0000;0.0000;0.0000
0.5803;0.0000;0.0000;0.0000;0.0000;0.0000
0.5903;0.0000;0.0000;0.0000;0.0000;0.0000
0.6003;0.0000;0.0000;0.0000;0.0000;0.0000
0.6103;0.0000;0.0000;0.0000;0.0000;0.0000
0.6203;0.0000;0.0000;0.0000;0.0000;0.0000
0.6303;0.0000;0.0000;0.0000;0.0000;0.0000
0.6403;0.0000;0.0000;0.0000;0.0000;0.0000
0.6503;0.0000;0.0000;0.0000;0.0000;0.0000
0.6603;0.0000;0.0000;0.0000;0.0000;0.0000
0.6703;0.0000;0.0000;0.0000;0.0000;0.0000
0.6803;0.0000;0.0000;0.0000;0.0000;0.0000
0.6903;0.0000;0.0000;0.0000;0.0000;0.0000
0.7004;0.0000;0.0000;0.0000;0.0000;0.0000
0.7104;0.0000;0.0000;0.0000;0.0000;0.0000
0.7204;0.0000;0.0000;0.0000;0.0000;0.0000
0.7304;0.0000;0.0000;0.0000;0.0000;0.0000
0.7404;0.0000;0.0000;0.0000;0.0000;0.0000
0.7504;0.0000;0.0000;0.0000;0.0000;0.0000
0.7604;0.0000;0.0000;0.0000;0.0000;0.0000
0.7704;0.0000;0.0000;0.0000;0.0000;0.0000
0.7804;0.0000;0.0000;0.0000;0.0000;0.0000
0.7904;0.0000;0.0000;0.0000;0.0000;0.0000
0.8004;0.0000;0.0000;0.0000;0.0000;0.0000
0.8104;0.0000;0.0000;0.0000;0.0000;0.0000
0.8204;0.0000;0.0000;0.0000;0.0000;0.0000
0.8304;0.0000;0.0000;0.0000;0.0000;0.0000
0.8404;0.0000;0.0000;0.0000;0.0000;0.0000
0.8504;0.0000;0.0000;0.0000;0.0000;0.0000
0.8604;0.0000;0.0000;0.0000;0.0000;0.0000
0.8704;0.0000;0.0000;0.0000;0.0000;0.0000
0.8804;0.0000;0.0000;0.0000;0.0000;0.0000
0.8904;0.0000;0.0000;0.0000;0.0000;0.0000
0.9004;0.0000;0.0000;0.0000;0.0000;0.0000
0.9104;0.0000;0.0000;0.0000;0.0000;0.0000
0.9204;0.0000;0.0000;0.0000;0.0000;0.0000
0.9304;0.0000;0.0000;0.0000;0.0000;0.0000
0.9404;0.0000;0.0000;0.0000;0.0000;0.0000
0.9504;0.0000;0.0000;0.0000;0.0000;0.0000
0.9604;0.0000;0.0000;0.0000;0.0000;0.0000
0.9704;0.0000;0.0000;0.0000;0.0000;0.0000
0.9804;0.0000;0.0000;0.0000;0.0000;0.0000
0.9904;0.0000;0.0000;0.0000;0.0000;0.0000
1.0004;0.0000;0.0000;0.0000;0.0000;0.0000
1.0104;0.0000;0.0000;0.0000;0.0000;0.0000
1.0204;0.0000;0.0000;0.0000;0.0000;0.0000
1.0304;0.0000;0.0000;0.0000;0.0000;0.0000
1.0405;0.0000;0.0000;0.0000;0.0000;0.0000
1.0505;0.0000;0.0000;0.0000;0.0000;0.0000
1.0605;0.0000;0.0000;0.0000;0.0000;0.0000
1.0705;0.0000;0.0000;0.0000;0.0000;0.0000
1.0805;0.0000;0.0000;0.0000;0.0000;0.0000
1.0905;0.0000;0.0000;0.0000;0.0000;0.0000
1.1005;0.0000;0.0000;0.0000;0.0000;0.0000
1.1105;0.0000;0.0000;0.0000;0.0000;0.0000
1.1205;0.0000;0.0000;0.0000;0.0000;0.0000
1.1305;0.0000;0.0000;0.0000;0.0000;0.0000
1.1405;0.0000;0.0000;0.0000;0.0000;0.0000
1.1505;0.0000;0.0000;0.0000;0.0000;0.0000
1.1605;0.0000;0.0000;0.0000;0.0000;0.0000
1.1705;0.0000;0.0000;0.0000;0.0000;0.0000
1.1805;0.0000;0.0000;0.0000;0.0000;0.0000
1.1905;0.0000;0.0000;0.0000;0.0000;0.0000
1.2005;0.0000;0.0000;0.0000;0.0000;0.0000
1.2105;0.0000;0.0000;0.0000;0.0000;0.0000
1.2205;0.0000;0.0000;0.0000;0.0000;0.0000
1.2305;0.0000;0.0000;0.0000;0.0000;0.0000
1.2405;0.0000;0.0000;0.0000;0.0000;0.0000
1.2505;0.0000;0.0000;0.0000;0.0000;0.0000
1.2605;0.0000;0.0000;0.0000;0.0000;0.0000
1.2705;0.0000;0.0000;0.0000;0.0000;0.0000
1.2805;0.0000;0.0000;0.0000;0.0000;0.0000
1.2905;0.0000;0.0000;0.0000;0.0000;0.0000
1.3005;0.0000;0.0000;0.0000;0.0000;0.0000
1.3105;0.0000;0.0000;0.0000;0.0000;0.0000
1.3205;0.0000;0.0000;0.0000;0.0000;0.0000
1.3305;0.0000;0.0000;0.0000;0.0000;0.0000
1.3405;0.0000;0.0000;0.0000;0.0000;0.0000
1.3505;0.0000;0.0000;0.0000;0.0000;0.0000
1.3605;0.0000;0.0000;0.0000;0.0000;0.0000
1.3705;0.0000;0.0000;0.0000;0.0000;0.0000
1.3806;0.0000;0.0000;0.0000;0.0000;0.0000
1.3906;0.0000;0.0000;0.0000;0.0000;0.0000
1.4006;0.0000;0.0000;0.0000;0.0000;0.0000
1.4106;0.0000;0.0000;0.0000;0.0000;0.0000
1.4206;0.0000;0.0000;0.0000;0.0000;0.0000
1.4306;0.0000;0.0000;0.0000;0.0000;0.0000
1.4406;0.0000;0.0000;0.0000;0.0000;0.0000
1.4506;0.0000;0.0000;0.0000;0.0000;0.0000
1.4606;0.0000;0.0000;0.0000;0.0000;0.0000
1.4706;0.0000;0.0000;0.0000;0.0000;0.0000
1.4806;0.0000;0.0000;0.0000;0.0000;0.0000
1.4906;0.0000;0.0000;0.0000;0.0000;0.0000
1.5006;0.0000;0.0000;0.0000;0.0000;0.0000
1.5106;0.0000;0.0000;0.0000;0.0000;0.0000
1.5206;0.0000;0.0000;0.0000;0.0000;0.0000
1.5306;0.0000;0.0000;0.0000;0.0000;0.0000
1.5406;0.0000;0.0000;0.0000;0.0000;0.0000
1.5506;0.0000;0.0000;0.0000;0.0000;0.0000
1.5606;0.0000;0.0000;0.0000;0.0000;0.0000
1.5706;0.0000;0.0000;0.0000;0.0000;0.0000
1.5806;0.0000;0.0000;0.0000;0.0000;0.0000
1.5906;0.0000;0.0000;0.0000;0.0000;0.0000
1.6006;0.0000;0.0000;0.0000;0.0000;0.0000
1.6106;0.0000;0.0000;0.0000;0.0000;0.0000
1.6206;0.0000;0.0000;0.0000;0.0000;0.0000
1.6306;0.0000;0.0000;0.0000;0.0000;0.0000
1.6406;0.0000;0.0000;0.0000;0.0000;0.0000
1.6506;0.0000;0.0000;0.0000;0.0000;0.0000
1.6606;0.0000;0.0000;0.0000;0.0000;0.0000
1.6706;0.0000;0.0000;0.0000;0.0000;0.0000
1.6806;0.0000;0.0000;0.0000;0.0000;0.0000
1.6906;0.0000;0.0000;0.0000;0.0000;0.0000
1.7006;0.0000;0.0000;0.0000;0.0000;0.0000
1.7106;0.0000;0.0000;0.0000;0.0000;0.0000
1.7206;0.0000;0.0000;0.0000;0.0000;0.0000
1.7306;0.0000;0.0000;0.0000;0.0000;0.0000
1.7406;0.0000;0.0000;0.0000;0.0000;0.0000
1.7506;0.0000;0.0000;0.0000;0.0000;0.0000
1.7606;0.0000;0.0000;0.0000;0.0000;0.0000
1.7706;0.0000;0.0000;0.0000;0.0000;0.0000
1.7806;0.0000;0.0000;0.0000;0.0000;0.0000
1.7906;0.0000;0.0000;0.0000;0.0000;0.0000
1.8006;0.0000;0.0000;0.0000;0.0000;0.0000
1.8106;0.0000;0.0000;0.0000;0.0000;0.0000
1.8206;0.0000;0.0000;0.0000;0.0000;0.0000
1.8307;0.0000;0.0000;0.0000;0.0000;0.0000
1.8407;0.0000;0.0000;0.0000;0.0000;0.0000
1.8507;0.0000;0.0000;0.0000;0.0000;0.0000
1.8607;0.0000;0.0000;0.0000;0.0000;0.0000
1.8707;0.0000;0.0000;0.0000;0.0000;0.0000
1.8807;0.0000;0.0000;0.0000;0.0000;0.0000
1.8907;0.0000;0.0000;0.0000;0.0000;0.0000
1.9007;0.0000;0.0000;0.0000;0.0000;0.0000
1.9107;0.0000;0.0000;0.0000;0.0000;0.0000
1.9207;0.0000;0.0000;0.0000;0.0000;0.0000
1.9307;0.0000;0.0000;0.0000;0.0000;0.0000
1.9407;0.0000;0.0000;0.0000;0.0000;0.0000
1.9507;0.0000;0.0000;0.0000;0.0000;0.0000
1.9607;0.0000;0.0000;0.0000;0.0000;0.0000
1.9707;0.0000;0.0000;0.0000;0.0000;0.0000
1.9807;0.0000;0.0000;0.0000;0.0000;0.0000
1.9907;0.0000;0.0000;0.0000;0.0000;0.0000
2.0008;0.0000;0.0000;0.0000;0.0000;0.0000
2.0108;0.0000;0.0000;0.0000;0.0000;0.0000
2.0208;0.0000;0.0000;0.0000;0.0000;0.0000
2.0308;0.0000;0.0000;0.0000;0.0000;0.0000
2.0408;0.0000;0.0000;0.0000;0.0000;0.0000
2.0508;0.0000;0.0000;0.0000;0.0000;0.0000
2.0608;0.0000;0.0000;0.0000;0.0000;0.0000
2.0708;0.0000;0.0000;0.0000;0.0000;0.0000
2.0808;0.0000;0.0000;0.0000;0.0000;0.0000
2.0908;0.0000;0.0000;0.0000;0.0000;0.0000
2.1008;0.0000;0.0000;0.0000;0.0000;0.0000
2.1108;0.0000;0.0000;0.0000;0.0000;0.0000
2.1208;0.0000;0.0000;0.0000;0.0000;0.0000
2.1308;0.0000;0.0000;0.0000;0.0000;0.0000
2.1408;0.0000;0.0000;0.0000;0.0000;0.0000
2.1508;0.0000;0.0000;0.0000;0.0000;0.0000
2.1608;0.0000;0.0000;0.0000;0.0000;0.0000
2.1708;0.0000;0.0000;0.0000;0.0000;0.0000
2.1808;0.0000;0.0000;0.0000;0.0000;0.0000
2.1908;0.0000;0.0000;0.0000;0.0000;0.0000
2.2008;0.0000;0.0000;0.0000;0.0000;0.0000
2.2108;0.0000;0.0000;0.0000;0.0000;0.0000
2.2208;0.0000;0.0000;0.0000;0.0000;0.0000
2.2308;0.0000;0.0000;0.0000;0.0000;0.0000
2.2408;0.0000;0.0000;0.0000;0.0000;0.0000
2.2508;0.0000;0.0000;0.0000;0.0000;0.0000
2.2609;0.0000;0.0000;0.0000;0.0000;0.0000
2.2709;0.0000;0.0000;0.0000;0.0000;0.0000
2.2809;0.0000;0.0000;0.0000;0.0000;0.0000
2.2909;0.0000;0.0000;0.0000;0.0000;0.0000
2.3009;0.0000;0.0000;0.0000;0.0000;0.0000
2.3109;0.0000;0.0000;0.0000;0.0000;0.0000
2.3209;0.0000;0.0000;0.0000;0.0000;0.0000
2.3309;0.0000;0.0000;0.0000;0.0000;0.0000
2.3409;0.0000;0.0000;0.0000;0.0000;0.0000
2.3509;0.0000;0.0000;0.0000;0.0000;0.0000
2.3609;0.0000;0.0000;0.0000;0.0000;0.0000
2.3709;0.0000;0.0000;0.0000;0.0000;0.0000
2.3809;0.0000;0.0000;0.0000;0.0000;0.0000
2.3909;0.0000;0.0000;0.0000;0.0000;0.0000
2.4009;0.0000;0.0000;0.0000;0.0000;0.0000
2.4110;0.0000;0.0000;0.0000;0.0000;0.0000
2.4210;0.0000;0.0000;0.0000;0.0000;0.0000
2.4310;0.0000;0.0000;0.0000;0.0000;0.0000
2.4410;0.0000;0.0000;0.0000;0.0000;0.0000
2.4510;0.0000;0.0000;0.0000;0.0000;0.0000
2.4610;0.0000;0.0000;0.0000;0.0000;0.0000
2.4710;0.0000;0.0000;0.0000;0.0000;0.0000
2.4810;0.0000;0.0000;0.0000;0.0000;0.0000
2.4910;0.0000;0.0000;0.0000;0.0000;0.0000
2.5010;0.0000;0.0000;0.0000;0.0000;0.0000
2.5110;0.0000;0.0000;0.0000;0.0000;0.0000
2.5210;0.0000;0.0000;0.0000;0.0000;0.0000
2.5310;0.0000;0.0000;0.0000;0.0000;0.0000
2.5410;0.0000;0.0000;0.0000;0.0000;0.0000
2.5510;0.0000;0.0000;0.0000;0.0000;0.0000
2.5610;0.0000;0.0000;0.0000;0.0000;0.0000
2.5710;0.0000;0.0000;0.0000;0.0000;0.0000
2.5810;0.0000;0.0000;0.0000;0.0000;0.0000
2.5911;0.0000;0.0000;0.0000;0.0000;0.0000
2.6011;0.0000;0.0000;0.0000;0.0000;0.0000
2.6111;0.0000;0.0000;0.0000;0.0000;0.0000
2.6211;0.0000;0.0000;0.0000;0.0000;0.0000
2.6311;0.0000;0.0000;0.0000;0.0000;0.0000
2.6411;0.0000;0.0000;0.0000;0.0000;0.0000
2.6511;0.0000;0.0000;0.0000;0.0000;0.0000
2.6611;0.0000;0.0000;0.0000;0.0000;0.0000
2.6711;0.0000;0.0000;0.0000;0.0000;0.0000
2.6811;0.0000;0.0000;0.0000;0.0000;0.0000
2.6911;0.0000;0.0000;0.0000;0.0000;0.0000
2.7011;0.0000;0.0000;0.0000;0.0000;0.0000
2.7111;0.0000;0.0000;0.0000;0.0000;0.0000
2.7211;0.0000;0.0000;0.0000;0.0000;0.0000
2.7311;0.0000;0.0000;0.0000;0.0000;0.0000
2.7411;0.0000;0.0000;0.0000;0.0000;0.0000
2.7511;0.0000;0.0000;0.0000;0.0000;0.0000
2.7611;0.0000;0.0000;0.0000;0.0000;0.0000
2.7711;0.0000;0.0000;0.0000;0.0000;0.0000
2.7811;0.0000;0.0000;0.0000;0.0000;0.0000
2.7911;0.0000;0.0000;0.0000;0.0000;0.0000
2.8011;0.0000;0.0000;0.0000;0.0000;0.0000
2.8111;0.0000;0.0000;0.0000;0.0000;0.0000
2.8212;0.0000;0.0000;0.0000;0.0000;0.0000
2.8312;0.0000;0.0000;0.0000;0.0000;0.0000
2.8412;0.0000;0.0000;0.0000;0.0000;0.0000
2.8512;0.0000;0.0000;0.0000;0.0000;0.0000
2.8612;0.0000;0.0000;0.0000;0.0000;0.0000
2.8712;0.0000;0.0000;0.0000;0.0000;0.0000
2.8812;0.0000;0.0000;0.0000;0.0000;0.0000
2.8912;0.0000;0.0000;0.0000;0.0000;0.0000
2.9012;0.0000;0.0000;0.0000;0.0000;0.0000
2.9112;0.0000;0.0000;0.0000;0.0000;0.0000
2.9212;0.0000;0.0000;0.0000;0.0000;0.0000
2.9312;0.0000;0.0000;0.0000;0.0000;0.0000
2.9412;0.0000;0.0000;0.0000;0.0000;0.0000
2.9512;0.0000;0.0000;0.0000;0.0000;0.0000
2.9612;0.0000;0.0000;0.0000;0.0000;0.0000
2.9712;0.0000;0.0000;0.0000;0.0000;0.0000
2.9812;0.0000;0.0000;0.0000;0.0000;0.0000
2.9912;0.0000;0.0000;0.0000;0.0000;0.0000
3.0012;0.0000;0.0000;0.0000;0.0000;0.0000
3.0112;6.2832;29.4524;0.0000;29.4524;0.0000
3.0212;6.2832;28.3304;1.4960;28.3304;1.4960
3.0312;6.2832;25.8059;2.9920;25.8059;2.9920
3.0412;6.2832;18.3727;5.2360;18.3727;5.2360
3.0512;6.2832;12.3420;6.7320;8.8357;7.4800
3.0612;6.2832;4.9087;8.2280;7.7137;7.4800
3.0712;6.2832;6.5917;7.4800;6.5917;7.4800
3.0812;6.2832;8.9760;6.7320;8.9760;6.7320
3.0912;6.2832;8.5552;6.7320;5.0490;7.4800
3.1013;6.2832;4.6282;7.4800;7.4332;6.7320
3.1113;6.2832;7.0125;6.7320;3.5062;7.4800
3.1213;6.2832;6.5917;6.7320;5.8905;6.7320
3.1313;6.2832;6.1710;6.7320;8.9760;5.9840
3.1413;6.2832;5.7503;6.7320;5.7502;6.7320
3.1513;6.2832;8.8357;5.9840;8.8357;5.9840
3.1613;6.2832;9.1162;5.9840;9.1162;5.9840
3.1713;6.2832;5.8905;6.7320;9.3967;5.9840
3.1813;6.2832;8.9760;5.9840;9.6772;5.9840
3.1913;6.2832;5.7502;6.7320;6.4515;6.7320
3.2013;6.2832;8.8357;5.9840;6.0307;6.7320
3.2113;6.2832;12.6225;5.2360;9.1162;5.9840
3.2213;6.2832;10.0980;5.9840;9.3967;5.9840
3.2313;6.2832;6.8722;6.7320;9.6772;5.9840
3.2413;6.2832;9.9577;5.9840;6.4515;6.7320
3.2513;6.2832;10.2382;5.9840;9.5370;5.9840
3.2613;6.2832;10.5187;5.9840;9.8175;5.9840
3.2713;6.2832;3.7867;7.4800;10.0980;5.9840
3.2813;6.2832;9.6772;5.9840;6.8722;6.7320
3.2913;6.2832;6.4515;6.7320;9.9577;5.9840
3.3013;6.2832;9.5370;5.9840;6.7320;6.7320
3.3113;6.2832;6.3112;6.7320;6.3112;6.7320
3.3213;6.2832;9.3967;5.9840;9.3967;5.9840
3.3313;6.2832;9.6772;5.9840;9.6772;5.9840
3.3413;6.2832;9.9577;5.9840;9.9577;5.9840
3.3514;6.2832;6.7321;6.7320;6.7321;6.7320
3.3614;6.2832;6.3112;6.7320;6.3112;6.7320
3.3714;6.2832;9.3967;5.9840;9.3967;5.9840
3.3814;6.2832;9.6773;5.9840;9.6773;5.9840
3.3914;6.2832;6.4515;6.7320;6.4515;6.7320
3.4014;6.2832;9.5369;5.9840;9.5369;5.9840
3.4114;6.2832;9.8175;5.9840;9.8175;5.9840
3.4214;6.2832;6.5917;6.7320;6.5917;6.7320
3.4314;6.2832;6.1710;6.7320;9.6772;5.9840
3.4414;6.2832;9.2564;5.9840;9.9578;5.9840
3.4514;6.2832;9.5370;5.9840;10.2382;5.9840
3.4614;6.2832;6.3112;6.7320;7.0125;6.7320
3.4714;6.2832;9.3967;5.9840;6.5917;6.7320
3.4814;6.2832;9.6773;5.9840;9.6773;5.9840
3.4914;6.2832;6.4515;6.7320;6.4515;6.7320
3.5014;6.2832;9.5369;5.9840;9.5369;5.9840
3.5114;6.2832;9.8175;5.9840;6.3112;6.7320
3.5214;6.2832;6.5917;6.7320;9.3968;5.9840
3.5314;6.2832;9.6772;5.9840;9.6772;5.9840
3.5414;6.2832;6.4515;6.7320;9.9578;5.9840
3.5514;6.2832;9.5370;5.9840;6.7320;6.7320
3.5615;6.2832;6.3112;6.7320;6.3112;6.7320
3.5714;6.2832;9.3967;5.9840;9.3967;5.9840
3.5815;6.2832;9.6773;5.9840;9.6773;5.9840
3.5915;6.2832;6.4515;6.7320;6.4515;6.7320
3.6015;6.2832;9.5369;5.9840;9.5369;5.9840
3.6115;6.2832;9.8175;5.9840;6.3112;6.7320
3.6215;6.2832;6.5917;6.7320;9.3968;5.9840
3.6315;6.2832;6.1710;6.7320;9.6772;5.9840
3.6415;6.2832;9.2564;5.9840;9.9578;5.9840
3.6515;6.2832;9.5370;5.9840;10.2382;5.9840
3.6615;6.2832;6.3111;6.7320;7.0125;6.7320
3.6715;6.2832;9.3968;5.9840;6.5917;6.7320
3.6815;6.2832;9.6773;5.9840;9.6773;5.9840
3.6915;6.2832;6.4515;6.7320;6.4515;6.7320
3.7015;6.2832;9.5371;5.9840;9.5371;5.9840
3.7115;6.2832;6.3113;6.7320;6.3113;6.7320
3.7215;6.2832;9.3966;5.9840;9.3966;5.9840
3.7315;6.2832;6.1712;6.7319;6.1712;6.7319
3.7415;6.2832;9.2564;5.9840;9.2564;5.9840
3.7515;6.2832;9.5370;5.9840;9.5370;5.9840
3.7615;6.2832;6.3112;6.7320;6.3112;6.7320
3.7715;6.2832;9.3968;5.9840;9.3968;5.9840
3.7816;6.2832;6.1710;6.7320;6.1710;6.7320
3.7916;6.2832;9.2563;5.9840;9.2563;5.9840
3.8016;6.2832;6.0309;6.7319;9.5370;5.9840
3.8116;6.2832;9.1161;5.9840;6.3112;6.7320
3.8216;6.2832;9.3968;5.9840;9.3968;5.9840
3.8316;6.2832;6.1710;6.7320;6.1710;6.7320
3.8416;6.2832;9.2566;5.9840;9.2566;5.9840
3.8516;6.2832;6.0308;6.7320;9.5368;5.9840
3.8616;6.2832;9.1163;5.9840;6.3114;6.7319
3.8716;6.2832;5.8905;6.7320;9.3966;5.9840
3.8816;6.2832;8.9759;5.9840;9.6773;5.9840
3.8916;6.2832;5.7502;6.7320;6.4515;6.7320
3.9016;6.2832;8.8358;5.9840;9.5371;5.9840
3.9116;6.2832;9.1163;5.9840;6.3113;6.7320
3.9216;6.2832;9.3968;5.9840;9.3968;5.9840
3.9316;6.2832;9.6771;5.9840;9.6771;5.9840
3.9416;6.2832;9.9578;5.9840;6.4515;6.7320
3.9516;6.2832;10.2383;5.9840;9.5371;5.9840
3.9616;6.2832;7.0125;6.7320;9.8176;5.9840
3.9716;6.2832;6.5918;6.7320;6.5918;6.7320
3.9816;6.2832;6.1710;6.7320;9.6773;5.9840
3.9916;6.2832;9.2566;5.9840;9.9576;5.9840
4.0016;6.2832;9.5369;5.9840;6.7320;6.7320
4.0116;6.2832;6.3112;6.7320;9.8176;5.9840
4.0216;6.2832;9.3968;5.9840;6.5917;6.7320
4.0316;6.2832;6.1710;6.7320;9.6773;5.9840
4.0416;6.2832;5.7502;6.7320;9.9578;5.9840
4.0516;6.2832;8.8358;5.9840;6.7320;6.7320
4.0616;6.2832;9.1163;5.9840;9.8174;5.9840
4.0716;6.2832;9.3966;5.9840;6.5917;6.7320
4.0816;6.2832;6.1710;6.7320;9.6773;5.9840
4.0916;6.2832;9.2566;5.9840;9.9578;5.9840
4.1017;6.2832;6.0307;6.7320;10.2381;5.9840
4.1117;6.2832;9.1163;5.9840;7.0127;6.7319
4.1217;6.2832;9.3968;5.9840;6.5918;6.7320
4.1317;6.2832;6.1710;6.7320;6.1710;6.7320
4.1417;6.2832;9.2564;5.9840;5.7503;6.7320
4.1517;6.2832;9.5371;5.9840;12.3419;5.2360
4.1617;6.2832;6.3112;6.7320;6.3112;6.7320
4.1717;6.2832;9.3968;5.9840;9.3968;5.9840
4.1817;6.2832;6.1710;6.7320;9.6773;5.9840
4.1917;6.2832;9.2566;5.9840;6.4515;6.7320
4.2017;6.2832;6.0308;6.7320;9.5369;5.9840
4.2117;6.2832;9.1161;5.9840;6.3112;6.7320
4.2217;6.2832;9.3968;5.9840;9.3968;5.9840
4.2317;6.2832;6.1710;6.7320;6.1710;6.7320
4.2417;6.2832;9.2566;5.9840;5.7502;6.7320
4.2517;6.2832;9.5371;5.9840;8.8358;5.9840
4.2617;6.2832;6.3113;6.7320;9.1163;5.9840
4.2717;6.2832;9.3966;5.9840;9.3966;5.9840
4.2817;6.2832;6.1710;6.7320;9.6773;5.9840
4.2917;6.2832;9.2566;5.9840;9.9576;5.9840
4.3018;6.2832;6.0307;6.7320;10.2385;5.9839
4.3118;6.2832;9.1161;5.9840;7.0125;6.7320
4.3218;6.2832;9.3970;5.9839;6.5918;6.7320
4.3318;6.2832;6.1710;6.7320;9.6771;5.9840
4.3418;6.2832;9.2564;5.9840;6.4515;6.7320
4.3518;6.2832;6.0307;6.7320;9.5373;5.9839
4.3618;6.2832;9.1165;5.9839;6.3113;6.7320
4.3718;6.2832;9.3966;5.9840;9.3966;5.9840
4.3818;6.2832;9.6771;5.9840;9.6771;5.9840
4.3918;6.2832;6.4515;6.7320;9.9580;5.9839
4.4018;6.2832;6.0307;6.7320;6.7320;6.7320
4.4118;6.2832;9.1165;5.9839;6.3113;6.7320
4.4218;6.2832;9.3966;5.9840;9.3966;5.9840
4.4318;6.2832;9.6771;5.9840;9.6771;5.9840
4.4418;6.2832;6.4515;6.7320;6.4515;6.7320
4.4518;6.2832;6.0312;6.7319;9.5373;5.9839
4.4618;6.2832;9.1162;5.9840;9.8174;5.9840
4.4718;6.2832;9.3966;5.9840;6.5917;6.7320
4.4818;6.2832;9.6775;5.9839;9.6775;5.9839
4.4918;6.2832;6.4515;6.7320;9.9576;5.9840
4.5018;6.2832;9.5369;5.9840;10.2381;5.9840
4.5118;6.2832;9.8174;5.9840;7.0125;6.7320
4.5218;6.2832;6.5917;6.7320;6.5917;6.7320
4.5318;6.2832;6.1710;6.7320;9.6775;5.9839
4.5418;6.2832;9.2568;5.9839;9.9576;5.9840
4.5518;6.2832;9.5369;5.9840;6.7320;6.7320
4.5618;6.2832;6.3113;6.7320;6.3113;6.7320
4.5718;6.2832;9.3970;5.9839;9.3970;5.9839
4.5819;6.2832;9.6772;5.9840;9.6772;5.9840
4.5919;6.2832;6.4515;6.7320;9.9576;5.9840
4.6019;6.2832;9.5369;5.9840;6.7320;6.7320
4.6119;6.2832;6.3112;6.7320;6.3112;6.7320
4.6219;6.2832;9.3970;5.9839;9.3970;5.9839
4.6319;6.2832;6.1710;6.7320;9.6771;5.9840
4.6419;6.2832;9.2564;5.9840;9.9576;5.9840
4.6519;6.2832;9.5369;5.9840;6.7320;6.7320
4.6619;6.2832;6.3112;6.7320;9.8178;5.9839
4.6719;6.2832;9.3970;5.9839;6.5918;6.7320
4.6819;6.2832;6.1710;6.7320;9.6771;5.9840
4.6919;6.2832;9.2564;5.9840;9.9576;5.9840
4.7019;6.2832;6.0308;6.7320;10.2385;5.9839
4.7119;6.2832;9.1165;5.9839;7.0125;6.7320
4.7219;6.2832;5.8906;6.7320;6.5918;6.7320
4.7319;6.2832;8.9759;5.9840;9.6771;5.9840
4.7419;6.2832;9.2564;5.9840;9.9580;5.9839
4.7519;6.2832;9.5373;5.9839;6.7321;6.7320
4.7619;6.2832;6.3113;6.7320;9.8174;5.9840
4.7719;6.2832;9.3966;5.9840;6.5918;6.7320
4.7819;6.2832;9.6771;5.9840;9.6771;5.9840
4.7919;6.2832;6.4515;6.7320;6.4515;6.7320
4.8019;6.2832;9.5373;5.9839;9.5373;5.9839
4.8119;6.2832;6.3113;6.7320;6.3113;6.7320
4.8219;6.2832;9.3966;5.9840;9.3966;5.9840
4.8319;6.2832;6.1710;6.7320;9.6775;5.9839
4.8419;6.2832;9.2568;5.9839;9.9577;5.9840
4.8520;6.2832;6.0308;6.7320;6.7320;6.7320
4.8620;6.2832;9.1162;5.9840;9.8174;5.9840
4.8720;6.2832;9.3966;5.9840;6.5917;6.7320
4.8820;6.2832;6.1710;6.7320;9.6775;5.9839
4.8920;6.2832;9.2568;5.9839;9.9576;5.9840
4.9020;6.2832;6.0308;6.7320;10.2381;5.9840
4.9120;6.2832;9.1161;5.9840;7.0125;6.7320
4.9220;6.2832;9.3966;5.9840;6.5917;6.7320
4.9320;6.2832;6.1710;6.7320;9.6775;5.9839
4.9420;6.2832;5.7507;6.7319;9.9576;5.9840
4.9520;6.2832;8.8357;5.9840;10.2386;5.9839
4.9620;6.2832;9.1161;5.9840;7.0126;6.7320
4.9720;6.2832;9.3970;5.9839;6.5918;6.7320
4.9820;6.2832;9.6772;5.9840;6.1711;6.7320
4.9920;6.2832;6.4515;6.7320;9.2564;5.9840
5.0020;6.2832;9.5369;5.9840;9.5369;5.9840
5.0120;6.2832;6.3112;6.7320;6.3112;6.7320
5.0220;6.2832;9.3970;5.9839;9.3970;5.9839
5.0320;6.2832;9.6771;5.9840;6.1711;6.7320
5.0420;6.2832;6.4515;6.7320;9.2564;5.9840
5.0520;6.2832;6.0308;6.7320;6.0308;6.7320
5.0620;6.2832;9.1161;5.9840;9.1161;5.9840
5.0720;6.2832;9.3970;5.9839;9.3970;5.9839
5.0820;6.2832;9.6771;5.9840;9.6771;5.9840
5.0920;6.2832;9.9581;5.9839;9.9581;5.9839
5.1020;6.2832;6.7321;6.7320;10.2382;5.9840
5.1121;6.2832;6.3113;6.7320;7.0125;6.7320
5.1221;6.2832;5.8906;6.7320;6.5918;6.7320
5.1321;6.2832;8.9759;5.9840;9.6771;5.9840
5.1421;6.2832;12.7629;5.2360;9.9580;5.9839
5.1521;6.2832;6.7321;6.7320;6.7321;6.7320
5.1621;6.2832;6.3113;6.7320;6.3113;6.7320
5.1721;6.2832;9.3967;5.9840;9.3967;5.9840
5.1821;6.2832;6.1710;6.7320;9.6771;5.9840
5.1921;6.2832;9.2568;5.9839;9.9580;5.9839
5.2021;6.2832;9.5369;5.9840;6.7320;6.7320
5.2121;6.2832;6.3113;6.7320;6.3113;6.7320
5.2221;6.2832;9.3966;5.9840;9.3966;5.9840
5.2321;6.2832;9.6776;5.9839;9.6776;5.9839
5.2421;6.2832;6.4516;6.7320;6.4516;6.7320
5.2521;6.2832;9.5369;5.9840;9.5369;5.9840
5.2621;6.2832;6.3113;6.7320;6.3113;6.7320
5.2721;6.2832;9.3966;5.9840;9.3966;5.9840
5.2821;6.2832;9.6775;5.9839;9.6775;5.9839
5.2921;6.2832;6.4516;6.7320;9.9577;5.9840
5.3021;6.2832;9.5369;5.9840;6.7320;6.7320
5.3121;6.2832;6.3113;6.7320;9.8174;5.9840
5.3221;6.2832;9.3971;5.9839;10.0983;5.9839
5.3321;6.2832;9.6772;5.9840;6.8723;6.7320
5.3421;6.2832;6.4515;6.7320;9.9576;5.9840
5.3521;6.2832;9.5369;5.9840;10.2386;5.9839
5.3621;6.2832;6.3113;6.7320;7.0126;6.7320
5.3722;6.2832;9.3971;5.9839;6.5918;6.7320
5.3822;6.2832;6.1711;6.7320;6.1711;6.7320
5.3922;6.2832;9.2564;5.9840;9.2564;5.9840
5.4022;6.2832;9.5369;5.9840;6.0308;6.7320
5.4122;6.2832;6.3113;6.7320;9.1161;5.9840
5.4222;6.2832;9.3970;5.9839;9.3970;5.9839
5.4322;6.2832;9.6772;5.9840;9.6772;5.9840
5.4422;6.2832;6.4515;6.7320;6.4515;6.7320
5.4522;6.2832;6.0308;6.7320;9.5373;5.9839
5.4622;6.2832;9.1166;5.9839;6.3113;6.7320
5.4722;6.2832;9.3967;5.9840;9.3967;5.9840
5.4822;6.2832;9.6771;5.9840;9.6771;5.9840
5.4922;6.2832;6.4515;6.7320;9.9581;5.9839
5.5022;6.2832;9.5373;5.9839;6.7321;6.7320
5.5122;6.2832;6.3113;6.7320;9.8174;5.9840
5.5222;6.2832;9.3967;5.9840;6.5918;6.7320
5.5322;6.2832;9.6771;5.9840;9.6771;5.9840
5.5422;6.2832;9.9580;5.9839;9.9580;5.9839
5.5522;6.2832;6.7321;6.7320;10.2382;5.9840
5.5622;6.2832;6.3113;6.7320;7.0125;6.7320
5.5722;6.2832;5.8901;6.7321;6.5918;6.7320
5.5822;6.2832;8.9763;5.9839;9.6776;5.9839
5.5922;6.2832;9.2568;5.9839;9.9572;5.9841
5.6023;6.2832;9.5365;5.9841;10.2385;5.9839
5.6122;6.2832;6.3112;6.7320;7.0125;6.7320
5.6223;6.2832;9.3970;5.9839;10.0983;5.9839
5.6323;6.2832;9.6776;5.9839;6.8723;6.7320
5.6423;6.2832;9.9581;5.9839;9.9581;5.9839
5.6523;6.2832;6.7321;6.7320;6.7321;6.7320
5.6623;6.2832;6.3114;6.7320;6.3114;6.7320
5.6723;6.2832;9.3963;5.9841;9.3963;5.9841
5.6823;6.2832;6.1710;6.7320;9.6775;5.9839
5.6923;6.2832;9.2568;5.9839;9.9581;5.9839
5.7023;6.2832;9.5374;5.9839;10.2378;5.9841
5.7123;6.2832;6.3114;6.7320;7.0125;6.7320
5.7223;6.2832;9.3963;5.9841;6.5917;6.7320
5.7323;6.2832;6.1710;6.7320;9.6775;5.9839
5.7423;6.2832;9.2568;5.9839;9.9581;5.9839
5.7523;6.2832;6.0308;6.7320;10.2378;5.9841
5.7623;6.2832;9.1166;5.9839;7.0125;6.7320
5.7723;6.2832;9.3963;5.9841;10.0983;5.9839
5.7823;6.2832;6.1710;6.7320;6.8723;6.7320
5.7923;6.2832;5.7502;6.7320;9.9581;5.9839
5.8023;6.2832;8.8360;5.9839;6.7321;6.7320
5.8123;6.2832;9.1166;5.9839;9.8170;5.9841
5.8223;6.2832;9.3962;5.9841;10.0983;5.9839
5.8323;6.2832;9.6775;5.9839;6.8723;6.7320
5.8424;6.2832;6.4515;6.7320;9.9581;5.9839
5.8524;6.2832;9.5373;5.9839;10.2377;5.9841
5.8624;6.2832;6.3113;6.7320;7.0125;6.7320
5.8724;6.2832;9.3962;5.9841;6.5917;6.7320
5.8824;6.2832;9.6775;5.9839;9.6775;5.9839
5.8924;6.2832;6.4515;6.7320;9.9581;5.9839
5.9024;6.2832;9.5373;5.9839;10.2386;5.9839
5.9124;6.2832;6.3113;6.7320;10.5183;5.9841
5.9224;6.2832;9.3971;5.9839;7.2930;6.7320
5.9324;6.2832;6.1711;6.7320;6.8723;6.7320
5.9424;6.2832;9.2560;5.9841;9.9581;5.9839
5.9524;6.2832;6.0308;6.7320;6.7321;6.7320
5.9624;6.2832;9.1166;5.9839;9.8179;5.9839
5.9724;6.2832;9.3971;5.9839;10.0975;5.9841
5.9824;6.2832;6.1711;6.7320;10.3788;5.9839
5.9924;6.2832;9.2560;5.9841;7.1528;6.7320
6.0024;6.2832;6.0308;6.7320;6.7321;6.7320
6.0124;12.5664;38.5690;5.9839;35.7637;6.7320
6.0224;12.5664;37.7269;7.4800;37.7269;7.4800
6.0324;12.5664;24.9644;11.2200;28.4710;10.4719
6.0424;12.5664;19.2145;12.7159;23.4215;11.9680
6.0524;12.5664;12.0612;14.2120;9.9580;14.9599
6.0624;12.5664;10.5193;14.2118;11.2197;14.2120
6.0724;12.5664;8.9758;14.2120;9.6778;14.2118
6.0824;12.5664;7.4339;14.2118;8.1343;14.2120
6.0924;12.5664;5.8903;14.2120;6.5924;14.2118
6.1024;12.5664;4.3475;14.2120;5.0488;14.2120
6.1125;12.5664;6.3113;13.4640;3.5060;14.2120
6.1225;12.5664;8.9763;12.7159;8.9763;12.7159
6.1325;12.5664;5.3296;13.4640;8.8361;12.7159
6.1425;12.5664;7.9946;12.7159;8.6950;12.7161
6.1525;12.5664;7.8535;12.7161;12.0621;11.9678
6.1625;12.5664;11.2206;11.9678;9.1158;12.7161
6.1725;12.5664;8.2742;12.7161;8.9763;12.7159
6.1825;12.5664;11.6413;11.9678;12.3417;11.9680
6.1925;12.5664;8.6959;12.7159;9.3970;12.7159
6.2025;12.5664;8.5548;12.7161;12.7634;11.9678
6.2125;12.5664;11.9219;11.9678;9.8170;12.7161
6.2225;12.5664;8.9755;12.7161;9.6776;12.7159
6.2325;12.5664;12.3426;11.9678;9.5374;12.7159
6.2425;12.5664;9.3963;12.7161;9.3963;12.7161
6.2525;12.5664;9.2568;12.7159;12.7633;11.9678
6.2625;12.5664;9.1166;12.7159;13.3236;11.9680
6.2725;12.5664;8.9755;12.7161;13.8845;11.9680
6.2825;12.5664;8.8360;12.7159;7.4332;13.4640
6.2925;12.5664;8.6958;12.7159;13.6048;11.9678
6.3025;12.5664;8.5548;12.7161;7.1529;13.4640
6.3125;12.5664;11.9218;11.9678;13.3235;11.9680
6.3225;12.5664;8.9764;12.7159;6.8723;13.4640
6.3325;12.5664;12.3418;11.9680;13.0439;11.9678
6.3425;12.5664;9.3971;12.7159;6.5919;13.4640
6.3526;12.5664;5.7504;13.4640;12.7626;11.9680
6.3626;12.5664;11.9211;11.9680;9.8179;12.7159
6.3726;12.5664;8.9764;12.7159;9.6768;12.7161
6.3826;12.5664;8.8353;12.7161;9.5373;12.7159
6.3926;12.5664;8.6958;12.7159;9.3971;12.7159
6.4026;12.5664;12.0613;11.9680;12.7626;11.9680
6.4126;12.5664;9.1165;12.7159;9.8178;12.7159
6.4226;12.5664;8.9763;12.7159;13.1833;11.9680
6.4326;12.5664;8.8353;12.7161;10.2386;12.7159
6.4426;12.5664;8.6958;12.7159;10.0984;12.7159
6.4526;12.5664;8.5556;12.7159;9.9573;12.7161
6.4626;12.5664;11.9210;11.9680;13.3244;11.9678
6.4726;12.5664;8.9763;12.7159;10.3780;12.7161
6.4826;12.5664;8.8361;12.7159;10.2386;12.7159
6.4926;12.5664;12.2016;11.9680;6.5918;13.4640
6.5026;12.5664;9.2569;12.7159;9.2569;12.7159
6.5126;12.5664;9.1158;12.7161;12.6223;11.9680
6.5226;12.5664;8.9763;12.7159;9.6776;12.7159
6.5326;12.5664;8.8361;12.7159;9.5365;12.7161
6.5426;12.5664;8.6950;12.7161;12.9036;11.9678
6.5526;12.5664;8.5555;12.7159;9.9573;12.7161
6.5626;12.5664;11.9219;11.9678;9.8178;12.7159
6.5726;12.5664;8.9756;12.7161;13.1841;11.9678
6.5826;12.5664;8.8361;12.7159;10.2378;12.7161
6.5926;12.5664;12.2015;11.9680;10.0983;12.7159
6.6026;12.5664;9.2568;12.7159;9.9581;12.7159
6.6126;12.5664;9.1166;12.7159;13.3236;11.9680
6.6226;12.5664;8.9755;12.7161;6.8723;13.4640
6.6326;12.5664;8.8361;12.7159;13.0430;11.9680
6.6426;12.5664;8.6959;12.7159;6.5918;13.4640
6.6527;12.5664;8.5548;12.7161;12.7634;11.9678
6.6627;12.5664;11.9218;11.9678;9.8170;12.7161
6.6727;12.5664;8.9755;12.7161;9.6776;12.7159
6.6827;12.5664;8.8360;12.7159;13.0430;11.9680
6.6927;12.5664;12.2024;11.9678;10.0983;12.7159
6.7027;12.5664;5.7504;13.4640;9.9581;12.7159
6.7127;12.5664;11.9211;11.9680;9.8179;12.7159
6.7227;12.5664;8.9764;12.7159;13.1834;11.9680
6.7327;12.5664;8.8353;12.7161;10.2386;12.7159
6.7427;12.5664;12.2024;11.9678;10.0976;12.7161
6.7527;12.5664;9.2561;12.7161;9.9581;12.7159
6.7627;12.5664;9.1166;12.7159;9.8179;12.7159
6.7727;12.5664;8.9764;12.7159;9.6768;12.7161
6.7827;12.5664;8.8353;12.7161;13.0439;11.9678
6.7927;12.5664;12.2024;11.9678;10.0975;12.7161
6.8027;12.5664;5.7504;13.4640;9.9581;12.7159
6.8127;12.5664;11.9211;11.9680;9.8179;12.7159
6.8227;12.5664;8.9764;12.7159;9.6777;12.7159
6.8327;12.5664;8.8362;12.7159;13.0431;11.9680
6.8427;12.5664;8.6951;12.7161;13.6041;11.9680
6.8527;12.5664;8.5556;12.7159;7.1528;13.4640
6.8627;12.5664;11.9210;11.9680;9.8178;12.7159
6.8727;12.5664;8.9763;12.7159;9.6776;12.7159
6.8827;12.5664;8.8361;12.7159;13.0431;11.9680
6.8927;12.5664;8.6951;12.7161;10.0984;12.7159
6.9027;12.5664;12.0621;11.9678;9.9573;12.7161
6.9127;12.5664;9.1158;12.7161;9.8178;12.7159
6.9227;12.5664;8.9763;12.7159;9.6776;12.7159
6.9328;12.5664;8.8361;12.7159;13.0431;11.9680
6.9428;12.5664;8.6959;12.7159;10.0984;12.7159
6.9528;12.5664;8.5548;12.7161;9.9582;12.7159
6.9628;12.5664;11.9219;11.9678;9.8171;12.7161
6.9728;12.5664;8.9756;12.7161;9.6776;12.7159
6.9828;12.5664;8.8361;12.7159;13.0431;11.9680
6.9928;12.5664;12.2016;11.9680;10.0983;12.7159
7.0028;12.5664;9.2568;12.7159;9.9581;12.7159
7.0128;12.5664;9.1166;12.7159;9.8171;12.7161
7.0228;12.5664;5.4699;13.4640;9.6776;12.7159
7.0328;12.5664;11.6406;11.9680;13.0430;11.9680
7.0428;12.5664;12.2015;11.9680;10.0983;12.7159
7.0528;12.5664;5.7503;13.4640;9.9581;12.7159
7.0628;12.5664;11.9219;11.9678;9.8179;12.7159
7.0728;12.5664;8.9764;12.7159;13.1825;11.9682
7.0828;12.5664;8.8362;12.7159;10.2385;12.7159
7.0928;12.5664;8.6943;12.7163;10.0983;12.7159
7.1028;12.5664;8.5555;12.7159;9.9581;12.7159
7.1128;12.5664;8.4153;12.7159;9.8179;12.7159
7.1228;12.5664;11.7816;11.9678;9.6777;12.7159
7.1328;12.5664;8.8362;12.7159;9.5375;12.7159
7.1428;12.5664;12.2008;11.9682;12.9021;11.9682
7.1528;12.5664;5.7502;13.4640;9.9581;12.7159
7.1628;12.5664;11.9218;11.9678;13.3244;11.9678
7.1728;12.5664;8.9764;12.7159;10.3790;12.7159
7.1828;12.5664;8.8362;12.7159;10.2370;12.7163
7.1929;12.5664;12.2008;11.9682;6.5917;13.4640
7.2029;12.5664;5.7502;13.4640;12.7633;11.9678
7.2129;12.5664;11.9218;11.9678;9.8179;12.7159
7.2229;12.5664;8.9764;12.7159;9.6777;12.7159
7.2329;12.5664;8.8362;12.7159;13.0422;11.9682
7.2429;12.5664;12.2007;11.9682;10.0982;12.7159
7.2529;12.5664;5.7520;13.4636;9.9580;12.7159
7.2629;12.5664;11.9203;11.9682;13.3244;11.9678
7.2729;12.5664;8.9763;12.7159;10.3790;12.7159
7.2829;12.5664;8.8362;12.7159;10.2388;12.7159
7.2929;12.5664;8.6960;12.7159;10.0968;12.7163
7.3029;12.5664;8.5558;12.7159;9.9580;12.7159
7.3129;12.5664;11.9203;11.9682;9.8178;12.7159
7.3229;12.5664;8.9763;12.7159;13.1842;11.9678
7.3329;12.5664;8.8361;12.7159;10.2387;12.7159
7.3429;12.5664;12.2025;11.9678;10.0968;12.7163
7.3529;12.5664;5.7505;13.4640;9.9580;12.7159
7.3629;12.5664;11.9203;11.9682;9.8178;12.7159
7.3729;12.5664;8.9763;12.7159;9.6776;12.7159
7.3829;12.5664;8.8361;12.7159;13.0440;11.9678
7.3929;12.5664;8.6959;12.7159;13.6033;11.9682
7.4029;12.5664;12.0623;11.9678;7.1527;13.4640
7.4130;12.5664;9.1150;12.7163;9.8178;12.7159
7.4230;12.5664;5.4697;13.4640;9.6776;12.7159
7.4330;12.5664;11.6413;11.9678;13.0439;11.9678
7.4430;12.5664;8.6959;12.7159;10.0985;12.7159
7.4530;12.5664;8.5557;12.7159;9.9565;12.7163
7.4630;12.5664;11.9203;11.9682;9.8178;12.7159
7.4730;12.5664;8.9763;12.7159;13.1841;11.9678
7.4830;12.5664;8.8361;12.7159;10.2387;12.7159
7.4930;12.5664;8.6959;12.7159;10.0985;12.7159
7.5030;12.5664;8.5557;12.7159;9.9583;12.7159
7.5130;12.5664;11.9220;11.9678;9.8163;12.7163
7.5230;12.5664;8.9748;12.7163;13.1841;11.9678
7.5330;12.5664;8.8360;12.7159;10.2387;12.7159
7.5430;12.5664;12.2024;11.9678;10.0985;12.7159
7.5530;12.5664;9.2570;12.7159;9.9583;12.7159
7.5630;12.5664;9.1168;12.7159;9.8163;12.7163
7.5730;12.5664;8.9748;12.7163;9.6775;12.7159
7.5830;12.5664;8.8360;12.7159;13.0439;11.9678
7.5930;12.5664;8.6958;12.7159;10.0984;12.7159
7.6030;12.5664;8.5556;12.7159;9.9583;12.7159
7.6130;12.5664;11.9220;11.9678;9.8163;12.7163
7.6230;12.5664;8.9766;12.7159;13.1841;11.9678
7.6330;12.5664;8.8346;12.7163;10.2386;12.7159
7.6430;12.5664;8.6958;12.7159;10.0984;12.7159
7.6531;12.5664;12.0622;11.9678;9.9582;12.7159
7.6631;12.5664;9.1167;12.7159;9.8180;12.7159
7.6731;12.5664;8.9765;12.7159;9.6761;12.7163
7.6831;12.5664;8.8346;12.7163;13.0438;11.9678
7.6931;12.5664;12.2023;11.9678;10.0984;12.7159
7.7031;12.5664;5.7504;13.4640;9.9582;12.7159
7.7131;12.5664;11.9219;11.9678;9.8180;12.7159
7.7231;12.5664;8.9765;12.7159;9.6760;12.7163
7.7331;12.5664;8.8345;12.7163;13.0438;11.9678
7.7431;12.5664;8.6958;12.7159;10.0984;12.7159
7.7531;12.5664;8.5556;12.7159;9.9582;12.7159
7.7631;12.5664;11.9219;11.9678;9.8180;12.7159
7.7731;12.5664;8.9765;12.7159;13.1826;11.9682
7.7831;12.5664;8.8363;12.7159;10.2386;12.7159
7.7931;12.5664;8.6943;12.7163;10.0984;12.7159
7.8031;12.5664;12.0621;11.9678;9.9582;12.7159
7.8131;12.5664;9.1167;12.7159;9.8180;12.7159
7.8231;12.5664;8.9765;12.7159;9.6778;12.7159
7.8331;12.5664;8.8363;12.7159;13.0423;11.9682
7.8431;12.5664;8.6943;12.7163;13.6049;11.9678
7.8531;12.5664;8.5555;12.7159;7.1529;13.4640
7.8632;12.5664;11.9219;11.9678;13.3245;11.9678
7.8732;12.5664;8.9765;12.7159;10.3791;12.7159
7.8832;12.5664;8.8363;12.7159;10.2371;12.7163
7.8932;12.5664;8.6961;12.7159;10.0983;12.7159
7.9032;12.5664;8.5541;12.7163;9.9581;12.7159
7.9132;12.5664;11.9219;11.9678;9.8179;12.7159
7.9232;12.5664;8.9764;12.7159;9.6777;12.7159
7.9332;12.5664;8.8362;12.7159;13.0423;11.9682
7.9432;12.5664;8.6960;12.7159;10.0983;12.7159
7.9532;12.5664;8.5541;12.7163;9.9581;12.7159
7.9632;12.5664;11.9218;11.9678;9.8179;12.7159
7.9732;12.5664;8.9764;12.7159;9.6777;12.7159
7.9832;12.5664;8.8362;12.7159;13.0423;11.9682
7.9932;12.5664;12.2026;11.9678;10.0983;12.7159
8.0032;12.5664;9.2553;12.7163;9.9581;12.7159
8.0132;12.5664;9.1166;12.7159;9.8179;12.7159
8.0232;12.5664;8.9764;12.7159;9.6777;12.7159
8.0332;12.5664;8.8362;12.7159;13.0440;11.9678
8.0432;12.5664;8.6960;12.7159;10.0968;12.7163
8.0532;12.5664;12.0606;11.9682;9.9581;12.7159
8.0632;12.5664;9.1166;12.7159;9.8179;12.7159
8.0732;12.5664;8.9764;12.7159;9.6777;12.7159
8.0832;12.5664;8.8362;12.7159;13.0440;11.9678
8.0932;12.5664;8.6960;12.7159;13.6034;11.9682
8.1032;12.5664;8.5558;12.7159;7.1528;13.4640
8.1132;12.5664;8.4138;12.7163;13.3244;11.9678
8.1232;12.5664;11.7816;11.9678;6.8724;13.4640
8.1332;12.5664;8.8362;12.7159;9.5375;12.7159
8.1432;12.5664;8.6960;12.7159;12.9038;11.9678
8.1532;12.5664;8.5558;12.7159;9.9566;12.7163
8.1633;12.5664;11.9203;11.9682;9.8178;12.7159
8.1733;12.5664;8.9763;12.7159;13.1842;11.9678
8.1833;12.5664;8.8361;12.7159;10.2388;12.7159
8.1933;12.5664;12.2025;11.9678;10.0986;12.7159
8.2033;12.5664;9.2571;12.7159;9.9566;12.7163
8.2133;12.5664;9.1151;12.7163;13.3244;11.9678
8.2233;12.5664;8.9763;12.7159;10.3789;12.7159
8.2333;12.5664;8.8361;12.7159;10.2387;12.7159
8.2433;12.5664;8.6959;12.7159;10.0985;12.7159
8.2533;12.5664;8.5557;12.7159;9.9583;12.7159
8.2633;12.5664;11.9221;11.9678;9.8164;12.7163
8.2733;12.5664;8.9749;12.7163;9.6776;12.7159
8.2833;12.5664;8.8361;12.7159;13.0439;11.9678
8.2933;12.5664;8.6959;12.7159;10.0985;12.7159
8.3033;12.5664;12.0622;11.9678;9.9583;12.7159
8.3133;12.5664;9.1168;12.7159;9.8163;12.7163
8.3233;12.5664;8.9748;12.7163;13.1841;11.9678
8.3333;12.5664;8.8361;12.7159;10.2387;12.7159
8.3433;12.5664;8.6959;12.7159;10.0985;12.7159
8.3534;12.5664;12.0622;11.9678;9.9583;12.7159
8.3634;12.5664;9.1168;12.7159;9.8181;12.7159
8.3734;12.5664;8.9766;12.7159;9.6761;12.7163
8.3834;12.5664;8.8346;12.7163;13.0439;11.9678
8.3934;12.5664;8.6959;12.7159;10.0985;12.7159
8.4034;12.5664;8.5557;12.7159;9.9583;12.7159
8.4134;12.5664;11.9220;11.9678;13.3228;11.9682
8.4234;12.5664;8.9766;12.7159;10.3788;12.7159
8.4334;12.5664;8.8346;12.7163;10.2386;12.7159
8.4434;12.5664;8.6958;12.7159;6.5919;13.4640
8.4534;12.5664;8.5556;12.7159;12.7635;11.9678
8.4634;12.5664;11.9220;11.9678;9.8181;12.7159
8.4734;12.5664;8.9766;12.7159;9.6761;12.7163
8.4834;12.5664;8.8346;12.7163;13.0439;11.9678
8.4934;12.5664;12.2024;11.9678;10.0984;12.7159
8.5034;12.5664;9.2569;12.7159;9.9582;12.7159
8.5134;12.5664;9.1167;12.7159;9.8180;12.7159
8.5234;12.5664;8.9765;12.7159;9.6778;12.7159
8.5334;12.5664;8.8363;12.7159;13.0424;11.9682
8.5434;12.5664;8.6944;12.7163;10.0984;12.7159
8.5534;12.5664;12.0621;11.9678;9.9582;12.7159
8.5634;12.5664;9.1167;12.7159;9.8180;12.7159
8.5734;12.5664;8.9765;12.7159;13.1826;11.9682
8.5834;12.5664;8.8363;12.7159;10.2386;12.7159
8.5934;12.5664;8.6943;12.7163;10.0984;12.7159
8.6034;12.5664;8.5556;12.7159;9.9582;12.7159
8.6135;12.5664;11.9219;11.9678;9.8180;12.7159
8.6235;12.5664;8.9765;12.7159;9.6778;12.7159
8.6335;12.5664;8.8363;12.7159;13.0424;11.9682
8.6435;12.5664;12.2009;11.9682;10.0984;12.7159
8.6535;12.5664;9.2569;12.7159;9.9582;12.7159
8.6635;12.5664;9.1167;12.7159;13.3245;11.9678
8.6735;12.5664;8.9765;12.7159;10.3791;12.7159
8.6835;12.5664;8.8363;12.7159;10.2371;12.7163
8.6935;12.5664;8.6961;12.7159;10.0983;12.7159
8.7035;12.5664;8.5541;12.7163;9.9582;12.7159
8.7135;12.5664;11.9219;11.9678;13.3245;11.9678
8.7235;12.5664;8.9765;12.7159;10.3791;12.7159
8.7335;12.5664;8.8363;12.7159;10.2371;12.7163
8.7435;12.5664;12.2026;11.9678;6.5936;13.4636
8.7535;12.5664;5.7506;13.4640;9.2554;12.7163
8.7635;12.5664;11.9204;11.9682;12.6232;11.9678
8.7735;12.5664;8.9764;12.7159;9.6777;12.7159
8.7835;12.5664;8.8362;12.7159;13.0441;11.9678
8.7935;12.5664;8.6960;12.7159;10.0969;12.7163
8.8035;12.5664;8.5559;12.7159;9.9581;12.7159
8.8135;12.5664;11.9204;11.9682;13.3245;11.9678
8.8235;12.5664;8.9764;12.7159;10.3790;12.7159
8.8336;12.5664;8.8362;12.7159;10.2388;12.7159
8.8436;12.5664;12.2026;11.9678;10.0969;12.7163
8.8536;12.5664;5.7506;13.4640;9.9581;12.7159
8.8636;12.5664;11.9204;11.9682;6.3114;13.4640
8.8736;12.5664;8.9764;12.7159;12.4829;11.9678
8.8836;12.5664;8.8362;12.7159;13.0440;11.9678
8.8936;12.5664;5.1895;13.4640;6.5921;13.4640
8.9036;12.5664;11.3610;11.9678;12.7619;11.9682
8.9136;12.5664;11.9204;11.9682;9.8179;12.7159
8.9236;12.5664;8.9764;12.7159;9.6777;12.7159
8.9336;12.5664;8.8362;12.7159;13.0440;11.9678
8.9436;12.5664;8.6960;12.7159;10.0986;12.7159
8.9536;12.5664;8.5558;12.7159;9.9566;12.7163
8.9636;12.5664;11.9203;11.9682;13.3244;11.9678
8.9736;12.5664;8.9764;12.7159;6.8724;13.4640
8.9836;12.5664;8.8362;12.7159;13.0440;11.9678
8.9936;12.5664;8.6960;12.7159;10.0986;12.7159
9.0036;12.5664;12.0623;11.9678;9.9584;12.7159
9.0136;25.1327;68.0217;12.7159;68.7213;12.7163
9.0236;25.1327;69.1429;14.9601;66.3391;15.7078
9.0336;25.1327;54.1357;20.1962;61.1488;18.7000
9.0436;25.1327;41.2347;23.9357;42.6355;23.9361
9.0536;25.1327;28.3307;26.9279;36.7461;25.4318
9.0636;25.1327;23.1412;27.6760;25.9461;27.6760
9.0737;25.1327;17.2503;28.4241;20.0570;28.4237
9.0837;25.1327;10.6600;29.1718;13.4634;29.1721
9.0937;25.1327;10.3781;28.4241;13.1848;28.4237
9.1037;25.1327;3.7878;29.1718;10.0978;28.4241
9.1137;25.1327;7.0125;27.6760;10.5187;27.6760
9.1237;25.1327;8.1347;26.9279;8.1344;27.6760
9.1337;25.1327;6.4517;26.9279;9.2566;26.9279
9.1437;25.1327;4.7687;26.9279;7.5736;26.9279
9.1537;25.1327;6.5922;26.1799;9.3971;26.1799
9.1637;25.1327;5.6105;26.1799;11.9220;25.4318
9.1737;25.1327;11.6401;24.6841;11.6416;25.4318
9.1837;25.1327;12.0625;24.6838;18.3725;23.9361
9.1937;25.1327;12.4816;24.6841;15.9896;24.6838
9.2037;25.1327;9.3974;25.4318;16.4087;24.6841
9.2137;25.1327;16.1283;23.9361;13.3245;25.4318
9.2237;25.1327;10.2389;25.4318;16.5489;24.6841
9.2337;25.1327;16.9698;23.9361;16.9713;24.6838
9.2437;25.1327;11.0804;25.4318;17.3904;24.6841
9.2537;25.1327;14.3065;24.6838;14.3062;25.4318
9.2637;25.1327;14.7257;24.6841;17.5323;24.6838
9.2737;25.1327;11.6415;25.4318;14.4449;25.4322
9.2837;25.1327;14.8658;24.6841;17.6725;24.6838
9.2937;25.1327;15.2882;24.6838;18.0917;24.6841
9.3037;25.1327;15.7073;24.6841;18.5140;24.6838
9.3137;25.1327;12.6249;25.4314;15.4266;25.4322
9.3237;25.1327;15.8479;24.6841;18.6560;24.6834
9.3337;25.1327;12.7637;25.4318;15.5653;25.4326
9.3437;25.1327;12.4833;25.4318;15.2878;25.4318
9.3537;25.1327;12.1993;25.4326;15.0074;25.4318
9.3637;25.1327;11.9218;25.4318;14.7270;25.4318
9.3737;25.1327;15.1497;24.6834;14.4466;25.4318
9.3837;25.1327;12.0591;25.4326;17.6710;24.6841
9.3937;25.1327;11.7816;25.4318;18.0916;24.6841
9.4038;25.1327;15.0059;24.6841;15.0074;25.4318
9.4138;25.1327;11.9217;25.4318;14.7270;25.4318
9.4238;25.1327;11.6414;25.4318;17.9514;24.6841
9.4338;25.1327;11.3610;25.4318;14.8672;25.4318
9.4438;25.1327;14.5853;24.6841;18.0915;24.6841
9.4538;25.1327;15.0095;24.6834;15.0073;25.4318
9.4638;25.1327;11.9188;25.4326;14.7269;25.4318
9.4738;25.1327;11.6413;25.4318;14.4466;25.4318
9.4838;25.1327;11.3609;25.4318;17.6709;24.6841
9.4938;25.1327;11.0805;25.4318;14.5867;25.4318
9.5038;25.1327;14.3049;24.6841;17.8111;24.6841
9.5138;25.1327;14.7255;24.6841;14.7269;25.4318
9.5238;25.1327;11.6413;25.4318;14.4465;25.4318
9.5338;25.1327;14.8692;24.6834;17.6709;24.6841
9.5438;25.1327;11.7786;25.4326;18.0914;24.6841
9.5538;25.1327;15.0094;24.6834;15.0073;25.4318
9.5638;25.1327;11.9223;25.4318;18.2352;24.6834
9.5738;25.1327;11.6384;25.4326;15.1446;25.4326
9.5838;25.1327;14.8692;24.6834;18.3754;24.6834
9.5938;25.1327;15.2869;24.6841;15.2883;25.4318
9.6038;25.1327;12.2027;25.4318;15.0043;25.4326
9.6138;25.1327;11.9223;25.4318;14.7268;25.4318
9.6238;25.1327;15.1467;24.6841;14.4464;25.4318
9.6338;25.1327;12.0625;25.4318;17.6708;24.6841
9.6438;25.1327;11.7821;25.4318;18.0949;24.6834
9.6539;25.1327;15.0064;24.6841;15.0043;25.4326
9.6639;25.1327;11.9223;25.4318;14.7268;25.4318
9.6739;25.1327;11.6383;25.4326;14.4464;25.4318
9.6839;25.1327;11.3608;25.4318;17.6708;24.6841
9.6939;25.1327;14.5887;24.6834;18.0949;24.6834
9.7039;25.1327;11.4981;25.4326;15.0078;25.4318
9.7139;25.1327;14.7289;24.6834;14.7239;25.4326
9.7239;25.1327;11.6418;25.4318;14.4463;25.4318
9.7339;25.1327;11.3579;25.4326;17.6707;24.6841
9.7439;25.1327;14.5887;24.6834;14.5865;25.4318
9.7539;25.1327;15.0064;24.6841;17.8145;24.6834
9.7639;25.1327;11.9222;25.4318;14.7238;25.4326
9.7739;25.1327;11.6418;25.4318;17.9546;24.6834
9.7839;25.1327;14.8661;24.6841;14.8676;25.4318
9.7939;25.1327;11.7820;25.4318;18.0919;24.6841
9.8039;25.1327;15.0063;24.6841;15.0078;25.4318
9.8139;25.1327;11.9221;25.4318;14.7274;25.4318
9.8239;25.1327;11.6417;25.4318;17.9517;24.6841
9.8340;25.1327;14.8661;24.6841;18.3723;24.6841
9.8440;25.1327;15.2867;24.6841;15.2881;25.4318
9.8540;25.1327;12.2025;25.4318;15.0077;25.4318
9.8640;25.1327;11.9221;25.4318;14.7273;25.4318
9.8740;25.1327;15.1465;24.6841;17.9517;24.6841
9.8840;25.1327;12.0623;25.4318;18.3723;24.6841
9.8940;25.1327;11.7819;25.4318;15.2881;25.4318
9.9040;25.1327;11.5015;25.4318;15.0077;25.4318
9.9140;25.1327;14.7258;24.6841;14.7273;25.4318
9.9240;25.1327;11.6417;25.4318;17.9516;24.6841
9.9340;25.1327;11.3613;25.4318;18.3722;24.6841
9.9440;25.1327;14.5856;24.6841;15.2880;25.4318
9.9540;25.1327;15.0062;24.6841;15.0076;25.4318
9.9640;25.1327;11.9220;25.4318;14.7272;25.4318
9.9740;25.1327;11.6416;25.4318;14.4469;25.4318
9.9840;25.1327;11.3612;25.4318;17.6712;24.6841
9.9940;25.1327;14.5856;24.6841;18.0918;24.6841
10.0040;25.1327;11.5014;25.4318;15.0076;25.4318
10.0140;25.1327;14.7258;24.6841;14.7272;25.4318
10.0240;25.1327;11.6416;25.4318;14.4468;25.4318
10.0340;25.1327;14.8659;24.6841;14.1628;25.4326
10.0440;25.1327;11.7817;25.4318;17.3936;24.6834
10.0540;25.1327;15.0061;24.6841;17.8113;24.6841
10.0640;25.1327;11.9219;25.4318;14.7272;25.4318
10.0740;25.1327;15.1463;24.6841;14.4468;25.4318
10.0840;25.1327;12.0621;25.4318;17.6711;24.6841
10.0940;25.1327;11.7817;25.4318;18.0917;24.6841
10.1040;25.1327;15.0061;24.6841;15.0075;25.4318
10.1140;25.1327;11.9219;25.4318;18.2319;24.6841
10.1240;25.1327;11.6415;25.4318;15.1477;25.4318
10.1340;25.1327;14.8659;24.6841;18.3720;24.6841
10.1440;25.1327;11.7817;25.4318;15.2879;25.4318
10.1540;25.1327;15.0060;24.6841;15.0075;25.4318
10.1640;25.1327;11.9218;25.4318;14.7271;25.4318
10.1740;25.1327;11.6414;25.4318;14.4467;25.4318
10.1840;25.1327;14.8658;24.6841;17.6711;24.6841
10.1940;25.1327;11.7816;25.4318;18.0916;24.6841
10.2040;25.1327;11.5012;25.4318;15.0074;25.4318
10.2140;25.1327;14.7256;24.6841;14.7270;25.4318
10.2240;25.1327;11.6414;25.4318;17.9514;24.6841
10.2340;25.1327;14.8658;24.6841;14.8672;25.4318
10.2440;25.1327;11.7816;25.4318;18.0916;24.6841
10.2540;25.1327;15.0095;24.6834;15.0074;25.4318
10.2640;25.1327;11.9189;25.4326;14.7270;25.4318
10.2740;25.1327;11.6414;25.4318;14.4466;25.4318
10.2840;25.1327;14.8693;24.6834;17.6710;24.6841
10.2940;25.1327;15.2870;24.6841;18.0915;24.6841
10.3040;25.1327;12.2028;25.4318;15.0073;25.4318
10.3140;25.1327;11.9224;25.4318;14.7269;25.4318
10.3240;25.1327;15.1468;24.6841;14.4466;25.4318
10.3340;25.1327;12.0626;25.4318;17.6709;24.6841
10.3440;25.1327;11.7786;25.4326;14.5867;25.4318
10.3540;25.1327;11.5011;25.4318;17.8111;24.6841
10.3640;25.1327;14.7290;24.6834;14.7269;25.4318
10.3740;25.1327;11.6384;25.4326;17.9548;24.6834
10.3840;25.1327;14.8692;24.6834;18.3725;24.6841
10.3940;25.1327;11.7822;25.4318;18.7931;24.6841
10.4040;25.1327;15.0065;24.6841;15.7089;25.4318
10.4140;25.1327;11.9223;25.4318;15.4285;25.4318
10.4240;25.1327;11.6384;25.4326;15.1481;25.4318
10.4340;25.1327;11.3608;25.4318;18.3725;24.6841
10.4440;25.1327;14.5888;24.6834;15.2883;25.4318
10.4540;25.1327;15.0065;24.6841;15.0079;25.4318
10.4640;25.1327;11.9223;25.4318;14.7240;25.4326
10.4740;25.1327;11.6419;25.4318;17.9548;24.6834
10.4840;25.1327;11.3579;25.4326;14.8641;25.4326
10.4940;25.1327;14.5887;24.6834;18.0949;24.6834
10.5040;25.1327;11.5017;25.4318;15.0079;25.4318
10.5140;25.1327;14.7261;24.6841;14.7239;25.4326
10.5240;25.1327;11.6419;25.4318;14.4464;25.4318
10.5340;25.1327;14.8662;24.6841;17.6743;24.6834
10.5440;25.1327;11.7820;25.4318;18.0920;24.6841
10.5540;25.1327;15.0064;24.6841;15.0078;25.4318
10.5640;25.1327;11.9222;25.4318;14.7275;25.4318
10.5740;25.1327;15.1466;24.6841;14.4435;25.4326
10.5840;25.1327;12.0624;25.4318;17.6743;24.6834
10.5940;25.1327;15.2868;24.6841;18.0920;24.6841
10.6040;25.1327;12.2026;25.4318;15.0078;25.4318
10.6140;25.1327;11.9222;25.4318;14.7274;25.4318
10.6240;25.1327;11.6418;25.4318;17.9518;24.6841
10.6340;25.1327;11.3614;25.4318;18.3723;24.6841
10.6440;25.1327;14.5858;24.6841;15.2881;25.4318
10.6540;25.1327;11.5016;25.4318;18.5125;24.6841
10.6640;25.1327;14.7259;24.6841;15.4283;25.4318
10.6740;25.1327;11.6417;25.4318;15.1479;25.4318
10.6840;25.1327;14.8661;24.6841;14.8675;25.4318
10.6940;25.1327;11.7819;25.4318;14.5872;25.4318
10.7040;25.1327;15.0063;24.6841;17.8115;24.6841
10.7140;25.1327;11.9221;25.4318;14.7273;25.4318
10.7240;25.1327;11.6417;25.4318;17.9517;24.6841
10.7340;25.1327;11.3613;25.4318;14.8675;25.4318
10.7440;25.1327;14.5857;24.6841;18.0919;24.6841
10.7540;25.1327;11.5015;25.4318;15.0077;25.4318
10.7640;25.1327;14.7258;24.6841;14.7273;25.4318
10.7740;25.1327;11.6417;25.4318;17.9517;24.6841
10.7840;25.1327;14.8660;24.6841;14.8675;25.4318
10.7940;25.1327;11.7818;25.4318;18.0918;24.6841
10.8040;25.1327;15.0062;24.6841;15.0076;25.4318
10.8140;25.1327;11.9220;25.4318;18.2320;24.6841
10.8240;25.1327;15.1464;24.6841;15.1478;25.4318
10.8340;25.1327;12.0622;25.4318;18.3722;24.6841
10.8440;25.1327;15.2901;24.6834;15.2880;25.4318
10.8540;25.1327;12.1995;25.4326;15.0076;25.4318
10.8640;25.1327;11.9220;25.4318;14.7272;25.4318
10.8740;25.1327;11.6416;25.4318;14.4468;25.4318
10.8840;25.1327;11.3612;25.4318;17.6712;24.6841
10.8940;25.1327;14.5856;24.6841;14.5870;25.4318
10.9040;25.1327;15.0061;24.6841;17.8114;24.6841
10.9140;25.1327;11.9219;25.4318;14.7272;25.4318
10.9240;25.1327;11.6415;25.4318;14.4468;25.4318
10.9340;25.1327;11.3611;25.4318;17.6711;24.6841
10.9440;25.1327;14.5855;24.6841;18.0917;24.6841
10.9540;25.1327;11.5013;25.4318;15.0075;25.4318
10.9640;25.1327;14.7257;24.6841;14.7271;25.4318
10.9740;25.1327;11.6415;25.4318;14.4467;25.4318
10.9840;25.1327;11.3611;25.4318;17.6711;24.6841
10.9940;25.1327;14.5855;24.6841;18.0917;24.6841
11.0040;25.1327;15.0096;24.6834;15.0075;25.4318
11.0141;25.1327;11.9190;25.4326;14.7271;25.4318
11.0241;25.1327;11.6414;25.4318;17.9514;24.6841
11.0341;25.1327;11.3611;25.4318;14.8673;25.4318
11.0441;25.1327;14.5854;24.6841;18.0916;24.6841
11.0541;25.1327;15.0096;24.6834;15.0074;25.4318
11.0641;25.1327;11.9225;25.4318;14.7270;25.4318
11.0741;25.1327;15.1469;24.6841;17.9514;24.6841
11.0841;25.1327;12.0627;25.4318;14.8672;25.4318
11.0941;25.1327;11.7787;25.4326;18.0951;24.6834
11.1041;25.1327;11.5012;25.4318;15.0045;25.4326
11.1141;25.1327;14.7291;24.6834;14.7270;25.4318
11.1241;25.1327;11.6385;25.4326;17.9549;24.6834
11.1341;25.1327;11.3610;25.4318;18.3726;24.6841
11.1441;25.1327;14.5889;24.6834;15.2884;25.4318
11.1541;25.1327;15.0066;24.6841;15.0045;25.4326
11.1641;25.1327;11.9224;25.4318;18.2353;24.6834
11.1742;25.1327;11.6420;25.4318;15.1482;25.4318
11.1842;25.1327;11.3581;25.4326;14.8643;25.4326
11.1942;25.1327;14.5889;24.6834;18.0951;24.6834
11.2042;25.1327;11.4982;25.4326;15.0080;25.4318
11.2142;25.1327;14.7290;24.6834;14.7240;25.4326
11.2242;25.1327;11.6420;25.4318;14.4465;25.4318
11.2342;25.1327;14.8664;24.6841;17.6745;24.6834
11.2442;25.1327;11.7822;25.4318;14.5838;25.4326
11.2542;25.1327;15.0065;24.6841;17.8146;24.6834
11.2642;25.1327;11.9223;25.4318;14.7240;25.4326
11.2742;25.1327;11.6420;25.4318;17.9548;24.6834
11.2842;25.1327;14.8663;24.6841;14.8678;25.4318
11.2942;25.1327;15.2869;24.6841;18.0921;24.6841
11.3042;25.1327;12.2027;25.4318;15.0079;25.4318
11.3142;25.1327;11.9223;25.4318;14.7275;25.4318
11.3242;25.1327;15.1467;24.6841;17.9519;24.6841
11.3342;25.1327;12.0625;25.4318;18.3725;24.6841
11.3442;25.1327;11.7821;25.4318;15.2883;25.4318
11.3542;25.1327;15.0064;24.6841;18.5126;24.6841
11.3642;25.1327;11.9223;25.4318;15.4284;25.4318
11.3742;25.1327;11.6419;25.4318;15.1481;25.4318
11.3842;25.1327;11.3615;25.4318;18.3724;24.6841
11.3942;25.1327;14.5858;24.6841;15.2882;25.4318
11.4042;25.1327;11.5017;25.4318;15.0078;25.4318
11.4142;25.1327;14.7260;24.6841;14.7275;25.4318
11.4242;25.1327;11.6418;25.4318;14.4471;25.4318
11.4342;25.1327;14.8662;24.6841;17.6714;24.6841
11.4442;25.1327;11.7820;25.4318;18.0920;24.6841
11.4542;25.1327;11.5016;25.4318;15.0078;25.4318
11.4642;25.1327;14.7260;24.6841;14.7274;25.4318
11.4742;25.1327;11.6418;25.4318;14.4470;25.4318
11.4842;25.1327;14.8662;24.6841;17.6714;24.6841
11.4942;25.1327;11.7820;25.4318;18.0920;24.6841
11.5042;25.1327;15.0063;24.6841;15.0078;25.4318
11.5142;25.1327;11.9221;25.4318;14.7274;25.4318
11.5242;25.1327;11.6417;25.4318;14.4470;25.4318
11.5342;25.1327;14.8661;24.6841;17.6714;24.6841
11.5442;25.1327;15.2902;24.6834;18.0919;24.6841
11.5542;25.1327;12.1996;25.4326;15.0077;25.4318
11.5642;25.1327;11.9221;25.4318;14.7273;25.4318
11.5742;25.1327;15.1465;24.6841;17.9517;24.6841
11.5842;25.1327;12.0623;25.4318;14.8675;25.4318
11.5942;25.1327;11.7819;25.4318;18.0919;24.6841
11.6042;25.1327;15.0062;24.6841;15.0077;25.4318
11.6142;25.1327;11.9220;25.4318;18.2320;24.6841
11.6242;25.1327;11.6417;25.4318;15.1479;25.4318
11.6342;25.1327;11.3613;25.4318;14.8675;25.4318
11.6442;25.1327;14.5856;24.6841;18.0918;24.6841
11.6542;25.1327;11.5014;25.4318;15.0076;25.4318
11.6642;25.1327;14.7258;24.6841;14.7272;25.4318
11.6742;25.1327;11.6416;25.4318;17.9516;24.6841
11.6842;25.1327;11.3612;25.4318;14.8674;25.4318
11.6942;25.1327;14.5856;24.6841;18.0918;24.6841
11.7042;25.1327;15.0097;24.6834;15.0076;25.4318
11.7142;25.1327;11.9191;25.4326;14.7272;25.4318
11.7242;25.1327;11.6416;25.4318;17.9516;24.6841
11.7342;25.1327;14.8695;24.6834;18.3757;24.6834
11.7442;25.1327;11.7789;25.4326;15.2851;25.4326
11.7542;25.1327;15.0097;24.6834;15.0076;25.4318
11.7642;25.1327;11.9191;25.4326;14.7272;25.4318
11.7742;25.1327;15.1499;24.6834;17.9515;24.6841
11.7842;25.1327;12.0628;25.4318;14.8673;25.4318
11.7942;25.1327;11.7788;25.4326;14.5869;25.4318
11.8042;25.1327;11.5013;25.4318;17.8113;24.6841
11.8142;25.1327;14.7293;24.6834;14.7271;25.4318
11.8242;25.1327;11.6386;25.4326;17.9515;24.6841
11.8342;25.1327;11.3611;25.4318;18.3756;24.6834
11.8442;25.1327;14.5855;24.6841;15.2886;25.4318
11.8542;25.1327;11.5013;25.4318;15.0046;25.4326
11.8642;25.1327;14.7256;24.6841;18.2318;24.6841
11.8742;25.1327;11.6415;25.4318;18.6524;24.6841
11.8842;25.1327;14.8658;24.6841;15.5682;25.4318
11.8942;25.1327;11.7816;25.4318;15.2878;25.4318
11.9042;25.1327;15.0060;24.6841;15.0074;25.4318
11.9142;25.1327;11.9218;25.4318;14.7270;25.4318
11.9242;25.1327;11.6414;25.4318;17.9514;24.6841
11.9342;25.1327;14.8658;24.6841;14.8672;25.4318
11.9442;25.1327;15.2935;24.6826;18.0916;24.6841
11.9542;25.1327;12.1964;25.4333;15.0074;25.4318
11.9642;25.1327;11.9218;25.4318;14.7270;25.4318
11.9742;25.1327;11.6414;25.4318;14.4466;25.4318
11.9842;25.1327;14.8657;24.6841;17.6710;24.6841
11.9942;25.1327;11.7815;25.4318;18.0915;24.6841
12.0042;25.1327;15.0059;24.6841;15.0073;25.4318
12.0142;-25.1327;-223.6978;25.4318;-220.8925;25.4318
12.0242;-25.1327;-229.0235;16.4551;-229.7302;17.2043
12.0342;-25.1327;-197.8956;1.4969;-199.2903;2.2430
12.0442;-25.1327;-177.2705;-8.2291;-172.3695;-8.9752
12.0542;-25.1327;-147.5416;-17.9520;-145.4387;-17.9520
12.0642;-25.1327;-122.7165;-24.6841;-127.6231;-23.1888
12.0743;-25.1327;-98.5966;-29.9194;-101.4004;-29.1718
12.0843;-25.1327;-69.5615;-35.1562;-76.5781;-33.6594
12.0943;-25.1327;-46.1454;-38.1470;-54.5583;-36.6516
12.1043;-25.1327;-30.4327;-38.8962;-33.2379;-38.8962
12.1143;-25.1327;-10.5200;-40.3915;-20.3347;-38.8962
12.1243;-25.1327;0.2804;-39.6439;-7.4315;-38.8962
12.1343;-25.1327;10.3798;-38.8962;1.9670;-38.1485
12.1443;-25.1327;12.7616;-36.6516;7.1526;-36.6516
12.1543;-25.1327;13.0463;-34.4086;14.4468;-35.9039
12.1643;-25.1327;7.7162;-31.4163;7.0139;-32.1640
12.1743;-25.1327;6.5904;-29.9194;6.5890;-30.6671
12.1843;-25.1327;0.5601;-27.6756;1.2632;-28.4241
12.1943;-25.1327;-0.5607;-26.9279;-2.6642;-26.9279
12.2043;-25.1327;-2.3824;-26.1803;-0.9812;-26.9279
12.2143;-25.1327;-4.9087;-25.4318;-6.3113;-25.4318
12.2243;-25.1327;-8.1330;-24.6841;-6.0273;-25.4326
12.2343;-25.1327;-8.5536;-24.6841;-12.7629;-23.9357
12.2443;-25.1327;-12.4825;-23.9357;-13.8851;-23.9357
12.2543;-25.1327;-17.1095;-23.1880;-15.0073;-23.9357
12.2643;-25.1327;-11.9196;-24.6841;-12.6212;-24.6841
12.2743;-25.1327;-15.8485;-23.9357;-16.5465;-23.9365
12.2843;-25.1327;-13.4624;-24.6841;-17.6716;-23.9357
12.2943;-25.1327;-13.8865;-24.6834;-18.7939;-23.9357
12.3043;-25.1327;-17.8090;-23.9365;-19.9161;-23.9357
12.3143;-25.1327;-11.9210;-25.4318;-17.5300;-24.6841
12.3243;-25.1327;-15.1453;-24.6841;-21.4553;-23.9365
12.3343;-25.1327;-15.5695;-24.6834;-15.5673;-25.4318
12.3443;-25.1327;-15.9872;-24.6841;-15.2869;-25.4318
12.3543;-25.1327;-16.4077;-24.6841;-18.5113;-24.6841
12.3643;-25.1327;-13.3235;-25.4318;-15.4271;-25.4318
12.3743;-25.1327;-13.0431;-25.4318;-18.6550;-24.6834
12.3843;-25.1327;-12.7628;-25.4318;-15.5644;-25.4326
12.3943;-25.1327;-12.4824;-25.4318;-15.2869;-25.4318
12.4043;-25.1327;-12.1984;-25.4326;-15.0065;-25.4318
12.4143;-25.1327;-11.9209;-25.4318;-14.7261;-25.4318
12.4243;-25.1327;-11.6405;-25.4318;-14.4457;-25.4318
12.4343;-25.1327;-14.8649;-24.6841;-17.6701;-24.6841
12.4443;-25.1327;-11.7807;-25.4318;-14.5859;-25.4318
12.4543;-25.1327;-15.0050;-24.6841;-14.3055;-25.4318
12.4643;-25.1327;-11.9208;-25.4318;-17.5299;-24.6841
12.4743;-25.1327;-11.6404;-25.4318;-14.4457;-25.4318
12.4843;-25.1327;-14.8648;-24.6841;-14.1653;-25.4318
12.4943;-25.1327;-11.7806;-25.4318;-13.8849;-25.4318
12.5043;-25.1327;-15.0086;-24.6834;-17.1093;-24.6841
12.5143;-25.1327;-11.9179;-25.4326;-14.0251;-25.4318
12.5243;-25.1327;-11.6404;-25.4318;-13.7411;-25.4326
12.5343;-25.1327;-14.8648;-24.6841;-16.9719;-24.6834
12.5443;-25.1327;-11.7806;-25.4318;-13.8849;-25.4318
12.5543;-25.1327;-15.0085;-24.6834;-17.1092;-24.6841
12.5643;-25.1327;-11.9179;-25.4326;-17.5298;-24.6841
12.5743;-25.1327;-15.1487;-24.6834;-14.4456;-25.4318
12.5843;-25.1327;-12.0616;-25.4318;-14.1652;-25.4318
12.5943;-25.1327;-11.7777;-25.4326;-13.8848;-25.4318
12.6044;-25.1327;-15.0085;-24.6834;-17.1092;-24.6841
12.6144;-25.1327;-11.9214;-25.4318;-14.0250;-25.4318
12.6244;-25.1327;-11.6375;-25.4326;-17.2493;-24.6841
12.6344;-25.1327;-11.3599;-25.4318;-14.1652;-25.4318
12.6444;-25.1327;-14.5843;-24.6841;-17.3895;-24.6841
12.6544;-25.1327;-11.5001;-25.4318;-14.3053;-25.4318
12.6644;-25.1327;-14.7280;-24.6834;-17.5297;-24.6841
12.6744;-25.1327;-11.6374;-25.4326;-14.4455;-25.4318
12.6844;-25.1327;-11.3599;-25.4318;-14.1651;-25.4318
12.6944;-25.1327;-14.5878;-24.6834;-13.8847;-25.4318
12.7044;-25.1327;-15.0055;-24.6841;-17.1091;-24.6841
12.7144;-25.1327;-11.9213;-25.4318;-17.5297;-24.6841
12.7244;-25.1327;-11.6374;-25.4326;-14.4455;-25.4318
12.7344;-25.1327;-11.3599;-25.4318;-14.1651;-25.4318
12.7444;-25.1327;-14.5878;-24.6834;-13.8847;-25.4318
12.7544;-25.1327;-15.0055;-24.6841;-17.1091;-24.6841
12.7644;-25.1327;-11.9213;-25.4318;-17.5296;-24.6841
12.7744;-25.1327;-15.1457;-24.6841;-14.4454;-25.4318
12.7844;-25.1327;-12.0615;-25.4318;-14.1650;-25.4318
12.7944;-25.1327;-15.2858;-24.6841;-13.8846;-25.4318
12.8044;-25.1327;-12.2016;-25.4318;-17.1090;-24.6841
12.8144;-25.1327;-11.9213;-25.4318;-14.0248;-25.4318
12.8244;-25.1327;-11.6409;-25.4318;-13.7444;-25.4318
12.8344;-25.1327;-11.3569;-25.4326;-16.9688;-24.6841
12.8444;-25.1327;-11.0794;-25.4318;-13.8846;-25.4318
12.8544;-25.1327;-14.3073;-24.6834;-17.1090;-24.6841
12.8644;-25.1327;-14.7250;-24.6841;-14.0248;-25.4318
12.8744;-25.1327;-11.6408;-25.4318;-17.2491;-24.6841
12.8844;-25.1327;-11.3604;-25.4318;-14.1649;-25.4318
12.8944;-25.1327;-14.5848;-24.6841;-13.8846;-25.4318
12.9044;-25.1327;-11.5006;-25.4318;-17.1089;-24.6841
12.9144;-25.1327;-14.7250;-24.6841;-17.5331;-24.6834
12.9244;-25.1327;-11.6408;-25.4318;-14.4424;-25.4326
12.9344;-25.1327;-11.3604;-25.4318;-14.1649;-25.4318
12.9444;-25.1327;-14.5848;-24.6841;-17.3928;-24.6834
12.9544;-25.1327;-11.5006;-25.4318;-14.3022;-25.4326
12.9644;-25.1327;-14.7249;-24.6841;-14.0247;-25.4318
12.9744;-25.1327;-11.6407;-25.4318;-17.2491;-24.6841
12.9844;-25.1327;-14.8651;-24.6841;-14.1649;-25.4318
12.9944;-25.1327;-15.2857;-24.6841;-13.8845;-25.4318
13.0044;-25.1327;-12.2015;-25.4318;-17.1088;-24.6841
13.0144;-25.1327;-11.9211;-25.4318;-14.0246;-25.4318
13.0244;-25.1327;-15.1455;-24.6841;-13.7443;-25.4318
13.0344;-25.1327;-15.5696;-24.6834;-16.9686;-24.6841
13.0444;-25.1327;-12.4790;-25.4326;-13.8844;-25.4318
13.0544;-25.1327;-12.2014;-25.4318;-17.1124;-24.6834
13.0644;-25.1327;-11.9211;-25.4318;-14.0217;-25.4326
13.0744;-25.1327;-11.6407;-25.4318;-13.7442;-25.4318
13.0844;-25.1327;-11.3603;-25.4318;-16.9686;-24.6841
13.0944;-25.1327;-14.5846;-24.6841;-13.8844;-25.4318
13.1044;-25.1327;-11.5004;-25.4318;-17.1123;-24.6834
13.1144;-25.1327;-14.7248;-24.6841;-17.5300;-24.6841
13.1244;-25.1327;-11.6406;-25.4318;-14.4458;-25.4318
13.1344;-25.1327;-14.8650;-24.6841;-14.1655;-25.4318
13.1444;-25.1327;-11.7808;-25.4318;-13.8815;-25.4326
13.1544;-25.1327;-15.0052;-24.6841;-17.1123;-24.6834
13.1644;-25.1327;-11.9210;-25.4318;-17.5300;-24.6841
13.1744;-25.1327;-11.6406;-25.4318;-14.4458;-25.4318
13.1844;-25.1327;-11.3602;-25.4318;-14.1654;-25.4318
13.1944;-25.1327;-14.5846;-24.6841;-17.3898;-24.6841
13.2044;-25.1327;-11.5004;-25.4318;-14.3056;-25.4318
13.2144;-25.1327;-14.7247;-24.6841;-17.5300;-24.6841
13.2244;-25.1327;-11.6405;-25.4318;-14.4458;-25.4318
13.2344;-25.1327;-14.8649;-24.6841;-14.1654;-25.4318
13.2444;-25.1327;-11.7807;-25.4318;-13.8850;-25.4318
13.2544;-25.1327;-15.0087;-24.6834;-13.6010;-25.4326
13.2644;-25.1327;-11.9180;-25.4326;-16.8318;-24.6834
13.2744;-25.1327;-15.1488;-24.6834;-17.2495;-24.6841
13.2844;-25.1327;-12.0582;-25.4326;-14.1653;-25.4318
13.2944;-25.1327;-15.2890;-24.6834;-13.8849;-25.4318
13.3044;-25.1327;-12.2019;-25.4318;-17.1093;-24.6841
13.3144;-25.1327;-11.9180;-25.4326;-14.0251;-25.4318
13.3244;-25.1327;-11.6405;-25.4318;-17.2495;-24.6841
13.3344;-25.1327;-11.3601;-25.4318;-14.1653;-25.4318
13.3444;-25.1327;-14.5844;-24.6841;-13.8849;-25.4318
13.3544;-25.1327;-11.5002;-25.4318;-17.1093;-24.6841
13.3644;-25.1327;-14.7282;-24.6834;-14.0251;-25.4318
13.3744;-25.1327;-11.6375;-25.4326;-17.2494;-24.6841
13.3844;-25.1327;-11.3600;-25.4318;-14.1652;-25.4318
13.3944;-25.1327;-14.5844;-24.6841;-13.8849;-25.4318
13.4044;-25.1327;-11.5002;-25.4318;-17.1092;-24.6841
13.4145;-25.1327;-14.7281;-24.6834;-17.5298;-24.6841
13.4245;-25.1327;-11.6375;-25.4326;-14.4456;-25.4318
13.4345;-25.1327;-11.3600;-25.4318;-14.1652;-25.4318
13.4445;-25.1327;-14.5879;-24.6834;-13.8848;-25.4318
13.4545;-25.1327;-11.4973;-25.4326;-17.1092;-24.6841
13.4645;-25.1327;-14.7281;-24.6834;-17.5297;-24.6841
13.4745;-25.1327;-11.6410;-25.4318;-14.4455;-25.4318
13.4845;-25.1327;-11.3571;-25.4326;-14.1652;-25.4318
13.4945;-25.1327;-14.5879;-24.6834;-13.8848;-25.4318
13.5045;-25.1327;-15.0056;-24.6841;-17.1091;-24.6841
13.5145;-25.1327;-11.9214;-25.4318;-14.0249;-25.4318
13.5245;-25.1327;-15.1458;-24.6841;-13.7446;-25.4318
13.5345;-25.1327;-12.0616;-25.4318;-16.9689;-24.6841
13.5445;-25.1327;-11.7812;-25.4318;-13.8847;-25.4318
13.5545;-25.1327;-15.0055;-24.6841;-17.1091;-24.6841
13.5645;-25.1327;-11.9213;-25.4318;-14.0249;-25.4318
13.5745;-25.1327;-11.6410;-25.4318;-17.2493;-24.6841
13.5845;-25.1327;-11.3570;-25.4326;-14.1651;-25.4318
13.5945;-25.1327;-14.5878;-24.6834;-13.8847;-25.4318
13.6045;-25.1327;-11.5007;-25.4318;-17.1091;-24.6841
13.6145;-25.1327;-14.7251;-24.6841;-14.0249;-25.4318
13.6245;-25.1327;-11.6409;-25.4318;-17.2492;-24.6841
13.6345;-25.1327;-11.3605;-25.4318;-14.1650;-25.4318
13.6445;-25.1327;-14.5849;-24.6841;-13.8846;-25.4318
13.6545;-25.1327;-15.0055;-24.6841;-17.1090;-24.6841
13.6645;-25.1327;-11.9213;-25.4318;-17.5331;-24.6834
13.6745;-25.1327;-11.6409;-25.4318;-14.4425;-25.4326
13.6845;-25.1327;-11.3605;-25.4318;-14.1650;-25.4318
13.6945;-25.1327;-14.5849;-24.6841;-13.8846;-25.4318
13.7045;-25.1327;-11.5007;-25.4318;-17.1090;-24.6841
13.7145;-25.1327;-14.7250;-24.6841;-17.5331;-24.6834
13.7245;-25.1327;-11.6408;-25.4318;-14.4461;-25.4318
13.7345;-25.1327;-14.8652;-24.6841;-14.1621;-25.4326
13.7445;-25.1327;-11.7810;-25.4318;-13.8846;-25.4318
13.7545;-25.1327;-15.0054;-24.6841;-17.1089;-24.6841
13.7645;-25.1327;-11.9212;-25.4318;-14.0247;-25.4318
13.7745;-25.1327;-15.1455;-24.6841;-13.7443;-25.4318
13.7845;-25.1327;-12.0614;-25.4318;-16.9687;-24.6841
13.7945;-25.1327;-11.7810;-25.4318;-13.8845;-25.4318
13.8045;-25.1327;-11.5006;-25.4318;-17.1125;-24.6834
13.8145;-25.1327;-14.7249;-24.6841;-17.5302;-24.6841
13.8245;-25.1327;-11.6407;-25.4318;-14.4460;-25.4318
13.8345;-25.1327;-11.3604;-25.4318;-14.1620;-25.4326
13.8445;-25.1327;-14.5847;-24.6841;-13.8845;-25.4318
13.8545;-25.1327;-15.0053;-24.6841;-17.1124;-24.6834
13.8645;-25.1327;-11.9211;-25.4318;-17.5301;-24.6841
13.8745;-25.1327;-11.6407;-25.4318;-14.4459;-25.4318
13.8845;-25.1327;-11.3603;-25.4318;-14.1655;-25.4318
13.8945;-25.1327;-14.5847;-24.6841;-17.3899;-24.6841
13.9045;-25.1327;-11.5005;-25.4318;-14.3057;-25.4318
13.9145;-25.1327;-14.7249;-24.6841;-17.5301;-24.6841
13.9245;-25.1327;-11.6407;-25.4318;-14.4459;-25.4318
13.9345;-25.1327;-14.8650;-24.6841;-14.1655;-25.4318
13.9445;-25.1327;-11.7808;-25.4318;-17.3899;-24.6841
13.9545;-25.1327;-15.0052;-24.6841;-14.3057;-25.4318
13.9645;-25.1327;-11.9210;-25.4318;-14.0253;-25.4318
13.9745;-25.1327;-15.1490;-24.6834;-17.2496;-24.6841
13.9845;-25.1327;-12.0583;-25.4326;-14.1655;-25.4318
13.9945;-25.1327;-15.2891;-24.6834;-13.8851;-25.4318
14.0046;-25.1327;-12.2021;-25.4318;-13.6011;-25.4326
14.0146;-25.1327;-11.9181;-25.4326;-16.8319;-24.6834
14.0246;-25.1327;-11.6406;-25.4318;-17.2496;-24.6841
14.0346;-25.1327;-11.3602;-25.4318;-14.1654;-25.4318
14.0446;-25.1327;-14.5846;-24.6841;-17.3898;-24.6841
14.0546;-25.1327;-11.5004;-25.4318;-14.3056;-25.4318
14.0646;-25.1327;-14.7247;-24.6841;-14.0252;-25.4318
14.0746;-25.1327;-11.6405;-25.4318;-17.2496;-24.6841
14.0846;-25.1327;-11.3602;-25.4318;-14.1654;-25.4318
14.0946;-25.1327;-14.5845;-24.6841;-13.8850;-25.4318
14.1046;-25.1327;-15.0087;-24.6834;-17.1094;-24.6841
14.1146;-25.1327;-11.9216;-25.4318;-17.5299;-24.6841
14.1246;-25.1327;-11.6376;-25.4326;-14.4457;-25.4318
14.1346;-25.1327;-11.3601;-25.4318;-14.1653;-25.4318
14.1447;-25.1327;-14.5845;-24.6841;-17.3897;-24.6841
14.1547;-25.1327;-15.0086;-24.6834;-14.3055;-25.4318
14.1647;-25.1327;-11.9216;-25.4318;-17.5299;-24.6841
14.1747;-25.1327;-11.6376;-25.4326;-14.4457;-25.4318
14.1847;-25.1327;-11.3601;-25.4318;-14.1653;-25.4318
14.1947;-25.1327;-14.5880;-24.6834;-13.8849;-25.4318
14.2047;-25.1327;-15.0057;-24.6841;-17.1093;-24.6841
14.2147;-25.1327;-15.4263;-24.6841;-14.0251;-25.4318
14.2247;-25.1327;-12.3421;-25.4318;-17.2494;-24.6841
14.2347;-25.1327;-12.0617;-25.4318;-14.1652;-25.4318
14.2447;-25.1327;-11.7813;-25.4318;-13.8849;-25.4318
14.2547;-25.1327;-15.0057;-24.6841;-17.1092;-24.6841
14.2647;-25.1327;-11.9215;-25.4318;-14.0250;-25.4318
14.2748;-25.1327;-11.6411;-25.4318;-13.7446;-25.4318
14.2848;-25.1327;-11.3571;-25.4326;-16.9690;-24.6841
14.2948;-25.1327;-14.5879;-24.6834;-13.8848;-25.4318
14.3048;-25.1327;-15.0056;-24.6841;-13.6044;-25.4318
14.3148;-25.1327;-11.9214;-25.4318;-16.8288;-24.6841
14.3248;-25.1327;-11.6410;-25.4318;-17.2494;-24.6841
14.3348;-25.1327;-11.3571;-25.4326;-14.1652;-25.4318
14.3448;-25.1327;-14.5879;-24.6834;-17.3895;-24.6841
14.3548;-25.1327;-11.5008;-25.4318;-17.8137;-24.6834
14.3648;-25.1327;-14.7252;-24.6841;-14.7266;-25.4318
14.3748;-25.1327;-11.6410;-25.4318;-14.4426;-25.4326
14.3848;-25.1327;-11.3606;-25.4318;-14.1651;-25.4318
14.3949;-25.1327;-14.5850;-24.6841;-17.3895;-24.6841
14.4049;-25.1327;-15.0055;-24.6841;-14.3053;-25.4318
14.4149;-25.1327;-11.9213;-25.4318;-17.5332;-24.6834
14.4249;-25.1327;-11.6410;-25.4318;-14.4426;-25.4326
14.4349;-25.1327;-14.8653;-24.6841;-17.6734;-24.6834
14.4449;-25.1327;-15.2859;-24.6841;-14.5864;-25.4318
14.4549;-25.1327;-12.2017;-25.4318;-14.3024;-25.4326
14.4649;-25.1327;-15.4261;-24.6841;-14.0249;-25.4318
14.4749;-25.1327;-12.3419;-25.4318;-17.2528;-24.6834
14.4849;-25.1327;-12.0615;-25.4318;-14.1622;-25.4326
14.4949;-25.1327;-11.7811;-25.4318;-13.8847;-25.4318
14.5049;-25.1327;-15.0055;-24.6841;-17.1090;-24.6841
14.5149;-25.1327;-11.9213;-25.4318;-14.0248;-25.4318
14.5249;-25.1327;-11.6409;-25.4318;-17.2528;-24.6834
14.5349;-25.1327;-11.3605;-25.4318;-14.1621;-25.4326
14.5449;-25.1327;-11.0801;-25.4318;-13.8846;-25.4318
14.5549;-25.1327;-14.3045;-24.6841;-13.6042;-25.4318
14.5649;-25.1327;-14.7250;-24.6841;-16.8286;-24.6841
14.5749;-25.1327;-11.6408;-25.4318;-17.2527;-24.6834
14.5849;-25.1327;-11.3604;-25.4318;-17.6704;-24.6841
14.5949;-25.1327;-14.5848;-24.6841;-14.5862;-25.4318
14.6049;-25.1327;-15.0054;-24.6841;-14.3058;-25.4318
14.6149;-25.1327;-11.9212;-25.4318;-17.5302;-24.6841
14.6249;-25.1327;-11.6408;-25.4318;-14.4460;-25.4318
14.6349;-25.1327;-11.3604;-25.4318;-17.6704;-24.6841
14.6449;-25.1327;-14.5848;-24.6841;-18.0909;-24.6841
14.6549;-25.1327;-11.5006;-25.4318;-15.0068;-25.4318
14.6649;-25.1327;-14.7249;-24.6841;-14.7264;-25.4318
14.6749;-25.1327;-11.6408;-25.4318;-14.4460;-25.4318
14.6849;-25.1327;-14.8651;-24.6841;-14.1656;-25.4318
14.6950;-25.1327;-15.2893;-24.6834;-13.8816;-25.4326
14.7050;-25.1327;-12.1986;-25.4326;-17.1124;-24.6834
14.7150;-25.1327;-11.9229;-25.4314;-14.0236;-25.4322
14.7250;-25.1327;-15.1458;-24.6841;-17.2512;-24.6838
14.7350;-25.1327;-15.5682;-24.6838;-14.1638;-25.4322
14.7450;-25.1327;-12.4808;-25.4322;-13.8848;-25.4318
14.7550;-25.1327;-12.2018;-25.4318;-17.1110;-24.6838
14.7650;-25.1327;-11.9214;-25.4318;-14.0235;-25.4322
14.7750;-25.1327;-11.6392;-25.4322;-17.2511;-24.6838
14.7850;-25.1327;-11.3603;-25.4318;-14.1655;-25.4318
14.7950;-25.1327;-14.5864;-24.6838;-13.8833;-25.4322
14.8050;-25.1327;-11.4990;-25.4322;-13.6044;-25.4318
14.8150;-25.1327;-14.7266;-24.6838;-16.8287;-24.6841
14.8250;-25.1327;-11.6410;-25.4318;-17.2511;-24.6838
14.8350;-25.1327;-14.8653;-24.6841;-14.1655;-25.4318
14.8450;-25.1327;-11.7812;-25.4318;-17.3898;-24.6841
14.8550;-25.1327;-15.0055;-24.6841;-14.3056;-25.4318
14.8650;-25.1327;-11.9213;-25.4318;-17.5300;-24.6841
14.8750;-25.1327;-11.6409;-25.4318;-14.4458;-25.4318
14.8850;-25.1327;-14.8653;-24.6841;-17.6720;-24.6838
14.8950;-25.1327;-11.7811;-25.4318;-14.5845;-25.4322
14.9050;-25.1327;-15.0073;-24.6838;-17.8121;-24.6838
14.9150;-25.1327;-11.9199;-25.4322;-14.7265;-25.4318
14.9250;-25.1327;-11.6409;-25.4318;-14.4443;-25.4322
14.9350;-25.1327;-14.8653;-24.6841;-14.1654;-25.4318
14.9450;-25.1327;-11.7811;-25.4318;-13.8850;-25.4318
14.9550;-25.1327;-15.0072;-24.6838;-17.1094;-24.6841
14.9650;-25.1327;-11.9198;-25.4322;-14.0252;-25.4318
14.9750;-25.1327;-11.6409;-25.4318;-17.2495;-24.6841
14.9850;-25.1327;-14.8670;-24.6838;-14.1653;-25.4318
14.9950;-25.1327;-15.2861;-24.6841;-13.8849;-25.4318
15.0050;-25.1327;-12.2020;-25.4318;-13.6028;-25.4322
15.0150;0.0000;105.8900;-25.4322;100.9794;-24.6838
15.0250;0.0000;108.6934;-20.9438;106.5895;-20.9438
15.0350;0.0000;61.7093;-6.7318;63.1137;-7.4802
15.0450;0.0000;4.9098;6.7318;10.5188;5.2361
15.0550;0.0000;-22.4405;11.2202;-18.9340;10.4721
15.0650;0.0000;-32.9576;11.2198;-28.7498;10.4717
15.0750;0.0000;-18.9340;5.9841;-17.5313;5.9841
15.0850;0.0000;-10.5179;2.9919;-12.6218;3.7399
15.0950;0.0000;-2.8050;0.7481;-2.1036;0.7481
15.1050;0.0000;0.0003;0.0000;0.7016;0.0000
15.1150;0.0000;0.0003;0.0000;0.7016;0.0000
15.1250;0.0000;0.0003;0.0000;0.7016;0.0000
15.1350;0.0000;0.0003;0.0000;0.7016;0.0000
15.1450;0.0000;0.0003;0.0000;0.7016;0.0000
15.1551;0.0000;0.0003;0.0000;0.7016;0.0000
15.1651;0.0000;0.0003;0.0000;0.7016;0.0000
15.1751;0.0000;0.0003;0.0000;0.7016;0.0000
15.1851;0.0000;0.0003;0.0000;0.7016;0.0000
15.1951;0.0000;0.0003;0.0000;0.7016;0.0000
15.2051;0.0000;0.0003;0.0000;0.7016;0.0000
15.2151;0.0000;0.0003;0.0000;0.7016;0.0000
15.2251;0.0000;0.0003;0.0000;0.7016;0.0000
15.2351;0.0000;0.0003;0.0000;0.7016;0.0000
15.2451;0.0000;0.0003;0.0000;0.7016;0.0000
15.2551;0.0000;0.0003;0.0000;0.7016;0.0000
15.2651;0.0000;0.0003;0.0000;0.7016;0.0000
15.2751;0.0000;0.0003;0.0000;0.7016;0.0000
15.2851;0.0000;0.0003;0.0000;0.7016;0.0000
15.2951;0.0000;0.0003;0.0000;0.7016;0.0000
15.3051;0.0000;0.0003;0.0000;0.7016;0.0000
15.3151;0.0000;0.0003;0.0000;0.7016;0.0000
15.3251;0.0000;0.0003;0.0000;0.7016;0.0000
15.3351;0.0000;0.0003;0.0000;0.7016;0.0000
15.3451;0.0000;0.0003;0.0000;0.7016;0.0000
15.3551;0.0000;0.0003;0.0000;0.7016;0.0000
15.3651;0.0000;0.0003;0.0000;0.7016;0.0000
15.3752;0.0000;0.0003;0.0000;0.7016;0.0000
15.3852;0.0000;0.0003;0.0000;0.7016;0.0000
15.3952;0.0000;0.0003;0.0000;0.7016;0.0000
15.4052;0.0000;0.0003;0.0000;0.7016;0.0000
15.4152;0.0000;0.0003;0.0000;0.7016;0.0000
15.4252;0.0000;0.0003;0.0000;0.7016;0.0000
15.4352;0.0000;0.0003;0.0000;0.7016;0.0000
15.4452;0.0000;0.0003;0.0000;0.7016;0.0000
15.4552;0.0000;0.0003;0.0000;0.7016;0.0000
15.4652;0.0000;0.0003;0.0000;0.7016;0.0000
15.4752;0.0000;0.0003;0.0000;0.7016;0.0000
15.4852;0.0000;0.0003;0.0000;0.7016;0.0000
15.4952;0.0000;0.0003;0.0000;0.7016;0.0000
15.5052;0.0000;0.0003;0.0000;0.7016;0.0000
15.5152;0.0000;0.0003;0.0000;0.7016;0.0000
15.5252;0.0000;0.0003;0.0000;0.7016;0.0000
15.5352;0.0000;0.0003;0.0000;0.7016;0.0000
15.5452;0.0000;0.0003;0.0000;0.7016;0.0000
15.5552;0.0000;0.0003;0.0000;0.7016;0.0000
15.5652;0.0000;0.0003;0.0000;0.7016;0.0000
15.5752;0.0000;0.0003;0.0000;0.7016;0.0000
15.5853;0.0000;0.0003;0.0000;0.7016;0.0000
15.5953;0.0000;0.0003;0.0000;0.7016;0.0000
15.6053;0.0000;0.0003;0.0000;0.7016;0.0000
15.6153;0.0000;0.0003;0.0000;0.7016;0.0000
15.6253;0.0000;0.0003;0.0000;0.7016;0.0000
15.6353;0.0000;0.0003;0.0000;0.7016;0.0000
15.6453;0.0000;0.0003;0.0000;0.7016;0.0000
15.6553;0.0000;0.0003;0.0000;0.7016;0.0000
15.6653;0.0000;0.0003;0.0000;0.7016;0.0000
15.6753;0.0000;0.0003;0.0000;0.7016;0.0000
15.6853;0.0000;0.0003;0.0000;0.7016;0.0000
15.6953;0.0000;0.0003;0.0000;0.7016;0.0000
15.7053;0.0000;0.0003;0.0000;0.7016;0.0000
15.7153;0.0000;0.0003;0.0000;0.7016;0.0000
15.7253;0.0000;0.0003;0.0000;0.7016;0.0000
15.7353;0.0000;0.0003;0.0000;0.7016;0.0000
15.7453;0.0000;0.0003;0.0000;0.7016;0.0000
15.7553;0.0000;0.0003;0.0000;0.7016;0.0000
15.7653;0.0000;0.0003;0.0000;0.7016;0.0000
15.7753;0.0000;0.0003;0.0000;0.7016;0.0000
15.7853;0.0000;0.0003;0.0000;0.7016;0.0000
15.7953;0.0000;0.0003;0.0000;0.7016;0.0000
15.8053;0.0000;0.0003;0.0000;0.7016;0.0000
15.8154;0.0000;0.0003;0.0000;0.7016;0.0000
15.8254;0.0000;0.0003;0.0000;0.7016;0.0000
15.8354;0.0000;0.0003;0.0000;0.7016;0.0000
15.8454;0.0000;0.0003;0.0000;0.7016;0.0000
15.8554;0.0000;0.0003;0.0000;0.7016;0.0000
15.8654;0.0000;0.0003;0.0000;0.7016;0.0000
15.8754;0.0000;0.0003;0.0000;0.7016;0.0000
15.8854;0.0000;0.0003;0.0000;0.7016;0.0000
15.8954;0.0000;0.0003;0.0000;0.7016;0.0000
15.9054;0.0000;0.0003;0.0000;0.7016;0.0000
15.9154;0.0000;0.0003;0.0000;0.7016;0.0000
15.9254;0.0000;0.0003;0.0000;0.7016;0.0000
15.9354;0.0000;0.0003;0.0000;0.7016;0.0000
15.9454;0.0000;0.0003;0.0000;0.7016;0.0000
15.9554;0.0000;0.0003;0.0000;0.7016;0.0000
15.9654;0.0000;0.0003;0.0000;0.7016;0.0000
15.9754;0.0000;0.0003;0.0000;0.7016;0.0000
15.9854;0.0000;0.0003;0.0000;0.7016;0.0000
15.9954;0.0000;0.0003;0.0000;0.7016;0.0000
16.0054;0.0000;0.0003;0.0000;0.7016;0.0000
16.0154;0.0000;0.0003;0.0000;0.7016;0.0000
16.0254;0.0000;0.0003;0.0000;0.7016;0.0000
16.0354;0.0000;0.0003;0.0000;0.7016;0.0000
16.0455;0.0000;0.0003;0.0000;0.7016;0.0000
16.0555;0.0000;0.0003;0.0000;0.7016;0.0000
16.0655;0.0000;0.0003;0.0000;0.7016;0.0000
16.0755;0.0000;0.0003;0.0000;0.7016;0.0000
16.0855;0.0000;0.0003;0.0000;0.7016;0.0000
16.0955;0.0000;0.0003;0.0000;0.7016;0.0000
16.1055;0.0000;0.0003;0.0000;0.7016;0.0000
16.1155;0.0000;0.0003;0.0000;0.7016;0.0000
16.1255;0.0000;0.0003;0.0000;0.7016;0.0000
16.1355;0.0000;0.0003;0.0000;0.7016;0.0000
16.1455;0.0000;0.0003;0.0000;0.7016;0.0000
16.1555;0.0000;0.0003;0.0000;0.7016;0.0000
16.1655;0.0000;0.0003;0.0000;0.7016;0.0000
16.1755;0.0000;0.0003;0.0000;0.7016;0.0000
16.1855;0.0000;0.0003;0.0000;0.7016;0.0000
16.1955;0.0000;0.0003;0.0000;0.7016;0.0000
16.2055;0.0000;0.0003;0.0000;0.7016;0.0000
16.2155;0.0000;0.0003;0.0000;0.7016;0.0000
16.2255;0.0000;0.0003;0.0000;0.7016;0.0000
16.2355;0.0000;0.0003;0.0000;0.7016;0.0000
16.2455;0.0000;0.0003;0.0000;0.7016;0.0000
16.2555;0.0000;0.0003;0.0000;0.7016;0.0000
16.2656;0.0000;0.0003;0.0000;0.7016;0.0000
16.2756;0.0000;0.0003;0.0000;0.7016;0.0000
16.2856;0.0000;0.0003;0.0000;0.7016;0.0000
16.2956;0.0000;0.0003;0.0000;0.7016;0.0000
16.3056;0.0000;0.0003;0.0000;0.7016;0.0000
16.3156;0.0000;0.0003;0.0000;0.7016;0.0000
16.3256;0.0000;0.0003;0.0000;0.7016;0.0000
16.3356;0.0000;0.0003;0.0000;0.7016;0.0000
16.3456;0.0000;0.0003;0.0000;0.7016;0.0000
16.3556;0.0000;0.0003;0.0000;0.7016;0.0000
16.3656;0.0000;0.0003;0.0000;0.7016;0.0000
16.3756;0.0000;0.0003;0.0000;0.7016;0.0000
16.3856;0.0000;0.0003;0.0000;0.7016;0.0000
16.3956;0.0000;0.0003;0.0000;0.7016;0.0000
16.4056;0.0000;0.0003;0.0000;0.7016;0.0000
16.4156;0.0000;0.0003;0.0000;0.7016;0.0000
16.4256;0.0000;0.0003;0.0000;0.7016;0.0000
16.4356;0.0000;0.0003;0.0000;0.7016;0.0000
16.4456;0.0000;0.0003;0.0000;0.7016;0.0000
16.4556;0.0000;0.0003;0.0000;0.7016;0.0000
16.4656;0.0000;0.0003;0.0000;0.7016;0.0000
16.4756;0.0000;0.0003;0.0000;0.7016;0.0000
16.4856;0.0000;0.0003;0.0000;0.7016;0.0000
16.4957;0.0000;0.0003;0.0000;0.7016;0.0000
16.5057;0.0000;0.0003;0.0000;0.7016;0.0000
16.5157;0.0000;0.0003;0.0000;0.7016;0.0000
16.5257;0.0000;0.0003;0.0000;0.7016;0.0000
16.5357;0.0000;0.0003;0.0000;0.7016;0.0000
16.5457;0.0000;0.0003;0.0000;0.7016;0.0000
16.5557;0.0000;0.0003;0.0000;0.7016;0.0000
16.5657;0.0000;0.0003;0.0000;0.7016;0.0000
16.5757;0.0000;0.0003;0.0000;0.7016;0.0000
16.5857;0.0000;0.0003;0.0000;0.7016;0.0000
16.5957;0.0000;0.0003;0.0000;0.7016;0.0000
16.6057;0.0000;0.0003;0.0000;0.7016;0.0000
16.6157;0.0000;0.0003;0.0000;0.7016;0.0000
16.6257;0.0000;0.0003;0.0000;0.7016;0.0000
16.6357;0.0000;0.0003;0.0000;0.7016;0.0000
16.6457;0.0000;0.0003;0.0000;0.7016;0.0000
16.6557;0.0000;0.0003;0.0000;0.7016;0.0000
16.6657;0.0000;0.0003;0.0000;0.7016;0.0000
16.6757;0.0000;0.0003;0.0000;0.7016;0.0000
16.6857;0.0000;0.0003;0.0000;0.7016;0.0000
16.6957;0.0000;0.0003;0.0000;0.7016;0.0000
16.7057;0.0000;0.0003;0.0000;0.7016;0.0000
16.7158;0.0000;0.0003;0.0000;0.7016;0.0000
16.7258;0.0000;0.0003;0.0000;0.7016;0.0000
16.7358;0.0000;0.0003;0.0000;0.7016;0.0000
16.7458;0.0000;0.0003;0.0000;0.7016;0.0000
16.7558;0.0000;0.0003;0.0000;0.7016;0.0000
16.7658;0.0000;0.0003;0.0000;0.7016;0.0000
16.7758;0.0000;0.0003;0.0000;0.7016;0.0000
16.7858;0.0000;0.0003;0.0000;0.7016;0.0000
16.7958;0.0000;0.0003;0.0000;0.7016;0.0000
16.8058;0.0000;0.0003;0.0000;0.7016;0.0000
16.8158;0.0000;0.0003;0.0000;0.7016;0.0000
16.8258;0.0000;0.0003;0.0000;0.7016;0.0000
16.8358;0.0000;0.0003;0.0000;0.7016;0.0000
16.8458;0.0000;0.0003;0.0000;0.7016;0.0000
16.8559;0.0000;0.0003;0.0000;0.7016;0.0000
16.8659;0.0000;0.0003;0.0000;0.7016;0.0000
16.8759;0.0000;0.0003;0.0000;-2.8049;0.7481
16.8859;0.0000;0.0003;0.0000;0.0003;0.0000
16.8959;0.0000;0.0003;0.0000;0.0003;0.0000
16.9059;0.0000;0.0003;0.0000;0.0003;0.0000
16.9159;0.0000;0.0003;0.0000;0.0003;0.0000
16.9259;0.0000;0.0003;0.0000;0.0003;0.0000
16.9359;0.0000;0.0003;0.0000;0.0003;0.0000
16.9459;0.0000;0.0003;0.0000;0.0003;0.0000
16.9559;0.0000;0.0003;0.0000;0.0003;0.0000
16.9659;0.0000;0.0003;0.0000;0.0003;0.0000
16.9759;0.0000;0.0003;0.0000;0.0003;0.0000
16.9859;0.0000;0.0003;0.0000;0.0003;0.0000
16.9959;0.0000;0.0003;0.0000;0.0003;0.0000
17.0059;0.0000;0.0003;0.0000;0.0003;0.0000
17.0159;0.0000;0.0003;0.0000;0.0003;0.0000
17.0259;0.0000;0.0003;0.0000;0.0003;0.0000
17.0359;0.0000;0.0003;0.0000;0.0003;0.0000
17.0459;0.0000;0.0003;0.0000;3.5068;-0.7481
17.0560;0.0000;0.0003;0.0000;-2.8049;0.7481
17.0660;0.0000;0.0003;0.0000;0.0003;0.0000
17.0760;0.0000;0.0003;0.0000;0.0003;0.0000
17.0860;0.0000;0.0003;0.0000;0.0003;0.0000
17.0960;0.0000;0.0003;0.0000;0.0003;0.0000
17.1060;0.0000;0.0003;0.0000;0.0003;0.0000
17.1160;0.0000;0.0003;0.0000;0.0003;0.0000
17.1260;0.0000;0.0003;0.0000;0.0003;0.0000
17.1360;0.0000;0.0003;0.0000;0.0003;0.0000
17.1460;0.0000;0.0003;0.0000;0.0003;0.0000
17.1560;0.0000;0.0003;0.0000;0.0003;0.0000
17.1660;0.0000;0.0003;0.0000;0.0003;0.0000
17.1760;0.0000;0.0003;0.0000;0.0003;0.0000
17.1860;0.0000;0.0003;0.0000;0.0003;0.0000
17.1960;0.0000;0.0003;0.0000;0.0003;0.0000
17.2060;0.0000;0.0003;0.0000;0.0003;0.0000
17.2160;0.0000;0.0003;0.0000;0.0003;0.0000
17.2260;0.0000;0.0003;0.0000;0.0003;0.0000
17.2360;0.0000;0.0003;0.0000;0.0003;0.0000
17.2460;0.0000;0.0003;0.0000;0.0003;0.0000
17.2560;0.0000;0.0003;0.0000;0.0003;0.0000
17.2660;0.0000;0.0003;0.0000;0.0003;0.0000
17.2760;0.0000;0.0003;0.0000;0.0003;0.0000
17.2860;0.0000;0.0003;0.0000;0.0003;0.0000
17.2961;0.0000;0.0003;0.0000;0.0003;0.0000
17.3061;0.0000;0.0003;0.0000;0.0003;0.0000
17.3161;0.0000;0.0003;0.0000;0.0003;0.0000
17.3261;0.0000;0.0003;0.0000;0.0003;0.0000
17.3361;0.0000;0.0003;0.0000;0.0003;0.0000
17.3461;0.0000;0.0003;0.0000;0.0003;0.0000
17.3561;0.0000;0.0003;0.0000;0.0003;0.0000
17.3661;0.0000;0.0003;0.0000;0.0003;0.0000
17.3761;0.0000;0.0003;0.0000;0.0003;0.0000
17.3861;0.0000;0.0003;0.0000;0.0003;0.0000
17.3961;0.0000;0.0003;0.0000;0.0003;0.0000
17.4061;0.0000;0.0003;0.0000;0.0003;0.0000
17.4161;0.0000;0.0003;0.0000;0.0003;0.0000
17.4261;0.0000;0.0003;0.0000;0.0003;0.0000
17.4361;0.0000;0.0003;0.0000;0.0003;0.0000
17.4461;0.0000;0.0003;0.0000;0.0003;0.0000
17.4561;0.0000;0.0003;0.0000;0.0003;0.0000
17.4661;0.0000;0.0003;0.0000;0.0003;0.0000
17.4761;0.0000;0.0003;0.0000;0.0003;0.0000
17.4861;0.0000;0.0003;0.0000;0.0003;0.0000
17.4961;0.0000;0.0003;0.0000;0.0003;0.0000
17.5061;0.0000;0.0003;0.0000;0.0003;0.0000
17.5161;0.0000;0.0003;0.0000;0.0003;0.0000
17.5261;0.0000;0.0003;0.0000;0.0003;0.0000
17.5361;0.0000;0.0003;0.0000;0.0003;0.0000
17.5462;0.0000;0.0003;0.0000;0.0003;0.0000
17.5562;0.0000;0.0003;0.0000;0.0003;0.0000
17.5662;0.0000;0.0003;0.0000;0.0003;0.0000
17.5762;0.0000;0.0003;0.0000;0.0003;0.0000
17.5862;0.0000;0.0003;0.0000;0.0003;0.0000
17.5962;0.0000;0.0003;0.0000;0.0003;0.0000
17.6062;0.0000;0.0003;0.0000;0.0003;0.0000
17.6162;0.0000;0.0003;0.0000;0.0003;0.0000
17.6262;0.0000;0.0003;0.0000;0.0003;0.0000
17.6362;0.0000;0.0003;0.0000;0.0003;0.0000
17.6462;0.0000;0.0003;0.0000;0.0003;0.0000
17.6562;0.0000;0.0003;0.0000;0.0003;0.0000
17.6662;0.0000;0.0003;0.0000;0.0003;0.0000
17.6762;0.0000;0.0003;0.0000;0.0003;0.0000
17.6862;0.0000;0.0003;0.0000;0.0003;0.0000
17.6962;0.0000;0.0003;0.0000;0.0003;0.0000
17.7062;0.0000;0.0003;0.0000;3.5068;-0.7481
17.7162;0.0000;0.0003;0.0000;0.7016;0.0000
17.7262;0.0000;0.0003;0.0000;-2.8049;0.7481
17.7362;0.0000;0.0003;0.0000;0.0003;0.0000
17.7462;0.0000;3.5068;-0.7481;0.0003;0.0000
17.7562;0.0000;0.7016;0.0000;0.0003;0.0000
17.7662;0.0000;-2.8050;0.7481;0.0003;0.0000
17.7763;0.0000;0.0003;0.0000;0.0003;0.0000
17.7863;0.0000;0.0003;0.0000;0.0003;0.0000
17.7963;0.0000;0.0003;0.0000;3.5068;-0.7481
17.8063;0.0000;0.0003;0.0000;-2.8049;0.7481
17.8163;0.0000;0.0003;0.0000;0.0003;0.0000
17.8263;0.0000;0.0003;0.0000;0.0003;0.0000
17.8363;0.0000;0.0003;0.0000;0.0003;0.0000
17.8463;0.0000;0.0003;0.0000;0.0003;0.0000
17.8563;0.0000;0.0003;0.0000;0.0003;0.0000
17.8663;0.0000;0.0003;0.0000;0.0003;0.0000
17.8763;0.0000;0.0003;0.0000;0.0003;0.0000
17.8863;0.0000;0.0003;0.0000;0.0003;0.0000
17.8963;0.0000;0.0003;0.0000;0.0003;0.0000
17.9063;0.0000;0.0003;0.0000;0.0003;0.0000
17.9163;0.0000;0.0003;0.0000;0.0003;0.0000
17.9263;0.0000;0.0003;0.0000;0.0003;0.0000
17.9363;0.0000;0.0003;0.0000;0.0003;0.0000
17.9463;0.0000;0.0003;0.0000;0.0003;0.0000
17.9563;0.0000;0.0003;0.0000;0.0003;0.0000
17.9663;0.0000;0.0003;0.0000;0.0003;0.0000
17.9763;0.0000;0.0003;0.0000;0.0003;0.0000
17.9863;0.0000;0.0003;0.0000;0.0003;0.0000
17.9963;0.0000;0.0003;0.0000;0.0003;0.0000
18.0063;0.0000;0.0003;0.0000;0.0003;0.0000
18.0164;0.0000;0.0003;0.0000;0.0003;0.0000
18.0264;0.0000;0.0003;0.0000;0.0003;0.0000
18.0364;0.0000;0.0003;0.0000;0.0003;0.0000
18.0464;0.0000;0.0003;0.0000;0.0003;0.0000
18.0564;0.0000;0.0003;0.0000;0.0003;0.0000
18.0664;0.0000;0.0003;0.0000;0.0003;0.0000
18.0764;0.0000;0.0003;0.0000;0.0003;0.0000
18.0864;0.0000;0.0003;0.0000;0.0003;0.0000
18.0964;0.0000;0.0003;0.0000;0.0003;0.0000
18.1064;0.0000;0.0003;0.0000;0.0003;0.0000
18.1164;0.0000;0.0003;0.0000;0.0003;0.0000
18.1264;0.0000;0.0003;0.0000;0.0003;0.0000
18.1364;0.0000;0.0003;0.0000;0.0003;0.0000
18.1464;0.0000;0.0003;0.0000;0.0003;0.0000
18.1564;0.0000;0.0003;0.0000;0.0003;0.0000
18.1664;0.0000;0.0003;0.0000;0.0003;0.0000
18.1764;0.0000;0.0003;0.0000;0.0003;0.0000
18.1864;0.0000;0.0003;0.0000;0.0003;0.0000
18.1964;0.0000;0.0003;0.0000;0.0003;0.0000
18.2064;0.0000;0.0003;0.0000;0.0003;0.0000
18.2164;0.0000;0.0003;0.0000;0.0003;0.0000
18.2264;0.0000;0.0003;0.0000;0.0003;0.0000
18.2364;0.0000;0.0003;0.0000;0.0003;0.0000
18.2464;0.0000;0.0003;0.0000;0.0003;0.0000
18.2564;0.0000;0.0003;0.0000;0.0003;0.0000
18.2665;0.0000;0.0003;0.0000;0.0003;0.0000
18.2765;0.0000;0.0003;0.0000;0.0003;0.0000
18.2865;0.0000;0.0003;0.0000;0.0003;0.0000
18.2965;0.0000;0.0003;0.0000;0.0003;0.0000
18.3065;0.0000;0.0003;0.0000;0.0003;0.0000
18.3165;0.0000;0.0003;0.0000;0.0003;0.0000
18.3265;0.0000;0.0003;0.0000;0.0003;0.0000
18.3365;0.0000;0.0003;0.0000;0.0003;0.0000
18.3465;0.0000;0.0003;0.0000;0.0003;0.0000
18.3565;0.0000;0.0003;0.0000;0.0003;0.0000
18.3665;0.0000;0.0003;0.0000;0.0003;0.0000
18.3765;0.0000;0.0003;0.0000;0.0003;0.0000
18.3865;0.0000;0.0003;0.0000;0.0003;0.0000
18.3965;0.0000;0.0003;0.0000;0.0003;0.0000
18.4065;0.0000;0.0003;0.0000;0.0003;0.0000
18.4165;0.0000;0.0003;0.0000;0.0003;0.0000
18.4265;0.0000;0.0003;0.0000;0.0003;0.0000
18.4365;0.0000;0.0003;0.0000;0.0003;0.0000
18.4465;0.0000;0.0003;0.0000;0.0003;0.0000
18.4565;0.0000;0.0003;0.0000;0.0003;0.0000
18.4665;0.0000;0.0003;0.0000;0.0003;0.0000
18.4765;0.0000;0.0003;0.0000;0.0003;0.0000
18.4865;0.0000;0.0003;0.0000;0.0003;0.0000
18.4965;0.0000;0.0003;0.0000;0.0003;0.0000
18.5065;0.0000;0.0003;0.0000;0.0003;0.0000
18.5166;0.0000;0.0003;0.0000;0.0003;0.0000
18.5266;0.0000;0.0003;0.0000;0.0003;0.0000
18.5366;0.0000;0.0003;0.0000;0.0003;0.0000
18.5466;0.0000;0.0003;0.0000;0.0003;0.0000
18.5566;0.0000;0.0003;0.0000;0.0003;0.0000
18.5666;0.0000;0.0003;0.0000;0.0003;0.0000
18.5766;0.0000;0.0003;0.0000;0.0003;0.0000
18.5866;0.0000;0.0003;0.0000;0.0003;0.0000
18.5966;0.0000;0.0003;0.0000;0.0003;0.0000
18.6066;0.0000;0.0003;0.0000;0.0003;0.0000
18.6166;0.0000;0.0003;0.0000;0.0003;0.0000
18.6266;0.0000;0.0003;0.0000;0.0003;0.0000
18.6366;0.0000;0.0003;0.0000;0.0003;0.0000
18.6466;0.0000;0.0003;0.0000;0.0003;0.0000
18.6566;0.0000;0.0003;0.0000;0.0003;0.0000
18.6666;0.0000;0.0003;0.0000;0.0003;0.0000
18.6766;0.0000;0.0003;0.0000;0.0003;0.0000
18.6866;0.0000;0.0003;0.0000;0.0003;0.0000
18.6966;0.0000;0.0003;0.0000;0.0003;0.0000
18.7066;0.0000;0.0003;0.0000;0.0003;0.0000
18.7166;0.0000;0.0003;0.0000;0.0003;0.0000
18.7266;0.0000;0.0003;0.0000;0.0003;0.0000
18.7366;0.0000;0.0003;0.0000;0.0003;0.0000
18.7466;0.0000;0.0003;0.0000;0.0003;0.0000
18.7566;0.0000;0.0003;0.0000;0.0003;0.0000
18.7667;0.0000;0.0003;0.0000;0.0003;0.0000
18.7767;0.0000;0.0003;0.0000;0.0003;0.0000
18.7867;0.0000;0.0003;0.0000;0.0003;0.0000
18.7967;0.0000;0.0003;0.0000;0.0003;0.0000
18.8067;0.0000;0.0003;0.0000;0.0003;0.0000
18.8167;0.0000;0.0003;0.0000;0.0003;0.0000
18.8267;0.0000;0.0003;0.0000;0.0003;0.0000
18.8367;0.0000;0.0003;0.0000;0.0003;0.0000
18.8467;0.0000;0.0003;0.0000;0.0003;0.0000
18.8567;0.0000;0.0003;0.0000;0.0003;0.0000
18.8667;0.0000;0.0003;0.0000;0.0003;0.0000
18.8767;0.0000;0.0003;0.0000;0.0003;0.0000
18.8867;0.0000;0.0003;0.0000;0.0003;0.0000
18.8967;0.0000;0.0003;0.0000;0.0003;0.0000
18.9067;0.0000;0.0003;0.0000;0.0003;0.0000
18.9167;0.0000;0.0003;0.0000;0.0003;0.0000
18.9267;0.0000;0.0003;0.0000;0.0003;0.0000
18.9367;0.0000;0.0003;0.0000;0.0003;0.0000
18.9467;0.0000;0.0003;0.0000;0.0003;0.0000
18.9567;0.0000;0.0003;0.0000;0.0003;0.0000
18.9667;0.0000;0.0003;0.0000;0.0003;0.0000
18.9767;0.0000;0.0003;0.0000;0.0003;0.0000
18.9867;0.0000;0.0003;0.0000;0.0003;0.0000
18.9967;0.0000;0.0003;0.0000;0.0003;0.0000
19.0067;0.0000;0.0003;0.0000;0.0003;0.0000
19.0167;0.0000;0.0003;0.0000;0.0003;0.0000
19.0267;0.0000;0.0003;0.0000;0.0003;0.0000
19.0367;0.0000;0.0003;0.0000;0.0003;0.0000
19.0467;0.0000;0.0003;0.0000;0.0003;0.0000
19.0567;0.0000;0.0003;0.0000;0.0003;0.0000
19.0667;0.0000;0.0003;0.0000;0.0003;0.0000
19.0767;0.0000;0.0003;0.0000;0.0003;0.0000
19.0867;0.0000;0.0003;0.0000;0.0003;0.0000
19.0968;0.0000;0.0003;0.0000;0.0003;0.0000
19.1068;0.0000;0.0003;0.0000;0.0003;0.0000
19.1168;0.0000;0.0003;0.0000;0.0003;0.0000
19.1268;0.0000;0.0003;0.0000;0.0003;0.0000
19.1368;0.0000;0.0003;0.0000;0.0003;0.0000
19.1468;0.0000;0.0003;0.0000;0.0003;0.0000
19.1568;0.0000;0.0003;0.0000;0.0003;0.0000
19.1668;0.0000;0.0003;0.0000;0.0003;0.0000
19.1768;0.0000;0.0003;0.0000;0.0003;0.0000
19.1868;0.0000;0.0003;0.0000;0.0003;0.0000
19.1968;0.0000;0.0003;0.0000;0.0003;0.0000
19.2068;0.0000;0.0003;0.0000;0.0003;0.0000
19.2168;0.0000;0.0003;0.0000;0.0003;0.0000
19.2268;0.0000;0.0003;0.0000;0.0003;0.0000
19.2368;0.0000;0.0003;0.0000;0.0003;0.0000
19.2468;0.0000;0.0003;0.0000;0.0003;0.0000
19.2568;0.0000;0.0003;0.0000;0.0003;0.0000
19.2669;0.0000;0.0003;0.0000;0.0003;0.0000
19.2769;0.0000;0.0003;0.0000;0.0003;0.0000
19.2869;0.0000;0.0003;0.0000;0.0003;0.0000
19.2969;0.0000;0.0003;0.0000;0.0003;0.0000
19.3069;0.0000;0.0003;0.0000;0.0003;0.0000
19.3169;0.0000;0.0003;0.0000;0.0003;0.0000
19.3269;0.0000;0.0003;0.0000;0.0003;0.0000
19.3369;0.0000;0.0003;0.0000;0.0003;0.0000
19.3469;0.0000;0.0003;0.0000;0.0003;0.0000
19.3569;0.0000;0.0003;0.0000;0.0003;0.0000
19.3669;0.0000;0.0003;0.0000;0.0003;0.0000
19.3769;0.0000;0.0003;0.0000;0.0003;0.0000
19.3869;0.0000;0.0003;0.0000;0.0003;0.0000
19.3969;0.0000;0.0003;0.0000;0.0003;0.0000
19.4069;0.0000;0.0003;0.0000;0.0003;0.0000
19.4169;0.0000;0.0003;0.0000;0.0003;0.0000
19.4269;0.0000;0.0003;0.0000;0.0003;0.0000
19.4369;0.0000;0.0003;0.0000;0.0003;0.0000
19.4469;0.0000;0.0003;0.0000;0.0003;0.0000
19.4569;0.0000;0.0003;0.0000;0.0003;0.0000
19.4669;0.0000;0.0003;0.0000;0.0003;0.0000
19.4769;0.0000;0.0003;0.0000;0.0003;0.0000
19.4870;0.0000;0.0003;0.0000;0.0003;0.0000
19.4970;0.0000;0.0003;0.0000;0.0003;0.0000
19.5070;0.0000;0.0003;0.0000;0.0003;0.0000
19.5170;0.0000;0.0003;0.0000;0.0003;0.0000
19.5270;0.0000;0.0003;0.0000;0.0003;0.0000
19.5370;0.0000;0.0003;0.0000;0.0003;0.0000
19.5470;0.0000;0.0003;0.0000;0.0003;0.0000
19.5570;0.0000;0.0003;0.0000;0.0003;0.0000
19.5670;0.0000;0.0003;0.0000;0.0003;0.0000
19.5770;0.0000;0.0003;0.0000;0.0003;0.0000
19.5870;0.0000;0.0003;0.0000;0.0003;0.0000
19.5970;0.0000;0.0003;0.0000;0.0003;0.0000
19.6070;0.0000;0.0003;0.0000;0.0003;0.0000
19.6170;0.0000;0.0003;0.0000;0.0003;0.0000
19.6270;0.0000;0.0003;0.0000;0.0003;0.0000
19.6370;0.0000;0.0003;0.0000;0.0003;0.0000
19.6470;0.0000;0.0003;0.0000;0.0003;0.0000
19.6570;0.0000;0.0003;0.0000;0.0003;0.0000
19.6670;0.0000;0.0003;0.0000;0.0003;0.0000
19.6770;0.0000;0.0003;0.0000;0.0003;0.0000
19.6870;0.0000;0.0003;0.0000;0.0003;0.0000
19.6970;0.0000;0.0003;0.0000;0.0003;0.0000
19.7071;0.0000;0.0003;0.0000;0.0003;0.0000
19.7171;0.0000;0.0003;0.0000;0.0003;0.0000
19.7271;0.0000;0.0003;0.0000;0.0003;0.0000
19.7371;0.0000;0.0003;0.0000;0.0003;0.0000
19.7471;0.0000;0.0003;0.0000;0.0003;0.0000
19.7571;0.0000;0.0003;0.0000;0.0003;0.0000
19.7671;0.0000;0.0003;0.0000;0.0003;0.0000
19.7771;0.0000;0.0003;0.0000;0.0003;0.0000
19.7871;0.0000;0.0003;0.0000;0.0003;0.0000
19.7971;0.0000;0.0003;0.0000;0.0003;0.0000
19.8071;0.0000;0.0003;0.0000;0.0003;0.0000
19.8171;0.0000;0.0003;0.0000;0.0003;0.0000
19.8271;0.0000;0.0003;0.0000;0.0003;0.0000
19.8371;0.0000;0.0003;0.0000;0.0003;0.0000
19.8471;0.0000;0.0003;0.0000;0.0003;0.0000
19.8571;0.0000;0.0003;0.0000;0.0003;0.0000
19.8671;0.0000;0.0003;0.0000;0.0003;0.0000
19.8771;0.0000;0.0003;0.0000;0.0003;0.0000
19.8871;0.0000;0.0003;0.0000;0.0003;0.0000
19.8971;0.0000;0.0003;0.0000;0.0003;0.0000
19.9071;0.0000;0.0003;0.0000;0.0003;0.0000
19.9171;0.0000;0.0003;0.0000;0.0003;0.0000
19.9271;0.0000;0.0003;0.0000;0.0003;0.0000
19.9371;0.0000;0.0003;0.0000;0.0003;0.0000
19.9471;0.0000;0.0003;0.0000;0.0003;0.0000
19.9571;0.0000;0.0003;0.0000;0.0003;0.0000
19.9672;0.0000;0.0003;0.0000;0.0003;0.0000
19.9772;0.0000;0.0003;0.0000;0.0003;0.0000
19.9872;0.0000;0.0003;0.0000;0.0003;0.0000
19.9972;0.0000;0.0003;0.0000;0.0003;0.0000
20.0072;0.0000;0.0003;0.0000;0.0003;0.0000
20.0172;0.0000;0.0003;0.0000;0.0003;0.0000
20.0272;0.0000;0.0003;0.0000;0.0003;0.0000
20.0372;0.0000;0.0003;0.0000;0.0003;0.0000
20.0472;0.0000;0.0003;0.0000;0.0003;0.0000
20.0572;0.0000;0.0003;0.0000;0.0003;0.0000
20.0672;0.0000;0.0003;0.0000;0.0003;0.0000
20.0772;0.0000;0.0003;0.0000;0.0003;0.0000
20.0872;0.0000;0.0003;0.0000;0.0003;0.0000
20.0972;0.0000;0.0003;0.0000;0.0003;0.0000
20.1072;0.0000;0.0003;0.0000;0.0003;0.0000
20.1172;0.0000;0.0003;0.0000;0.0003;0.0000
20.1272;0.0000;0.0003;0.0000;0.0003;0.0000
20.1372;0.0000;0.0003;0.0000;0.0003;0.0000
20.1472;0.0000;0.0003;0.0000;0.0003;0.0000
20.1572;0.0000;0.0003;0.0000;0.0003;0.0000
20.1672;0.0000;0.0003;0.0000;0.0003;0.0000
20.1772;0.0000;0.0003;0.0000;0.0003;0.0000
20.1872;0.0000;0.0003;0.0000;0.0003;0.0000
20.1972;0.0000;0.0003;0.0000;0.0003;0.0000
20.2072;0.0000;0.0003;0.0000;0.0003;0.0000
20.2173;0.0000;0.0003;0.0000;0.0003;0.0000
20.2273;0.0000;0.0003;0.0000;0.0003;0.0000
20.2373;0.0000;0.0003;0.0000;0.0003;0.0000
20.2473;0.0000;0.0003;0.0000;0.0003;0.0000
20.2573;0.0000;0.0003;0.0000;0.0003;0.0000
20.2673;0.0000;0.0003;0.0000;0.0003;0.0000
20.2773;0.0000;0.0003;0.0000;0.0003;0.0000
20.2873;0.0000;0.0003;0.0000;0.0003;0.0000
20.2973;0.0000;0.0003;0.0000;0.0003;0.0000
20.3073;0.0000;0.0003;0.0000;0.0003;0.0000
20.3173;0.0000;0.0003;0.0000;0.0003;0.0000
20.3273;0.0000;0.0003;0.0000;0.0003;0.0000
20.3373;0.0000;0.0003;0.0000;0.0003;0.0000
20.3473;0.0000;0.0003;0.0000;0.0003;0.0000
20.3573;0.0000;0.0003;0.0000;0.0003;0.0000
20.3673;0.0000;0.0003;0.0000;0.0003;0.0000
20.3773;0.0000;0.0003;0.0000;0.0003;0.0000
20.3873;0.0000;0.0003;0.0000;0.0003;0.0000
20.3973;0.0000;0.0003;0.0000;0.0003;0.0000
20.4073;0.0000;0.0003;0.0000;0.0003;0.0000
20.4173;0.0000;0.0003;0.0000;0.0003;0.0000
20.4273;0.0000;0.0003;0.0000;0.0003;0.0000
20.4373;0.0000;0.0003;0.0000;0.0003;0.0000
20.4473;0.0000;0.0003;0.0000;0.0003;0.0000
20.4573;0.0000;0.0003;0.0000;0.0003;0.0000
20.4674;0.0000;0.0003;0.0000;0.0003;0.0000